1|3.4572348685224554,2|2.904068296741572,3|2.8230487711738723,4|2.7866332754917416,5|2.8048142075207423,6|3.4394962907385027,7|3.086157252918409,8|3.1372283449027822,9|2.962800902141204,10|3.0998152087352553,11|3.1627382208332397,12|2.481335099335339,13|2.982131157869036,14|3.5044714114040296,15|2.0043612907289505,16|3.601811681086279,17|3.677748130050315,18|3.06036703164448,19|2.0494533892133164,20|2.2716561269624207,21|3.318704768293797,22|3.2164883201847396,23|2.3230080308582566,24|3.0771261914627233,25|3.668943463633716,26|3.1882265997085386,27|2.8669080567114684,28|3.533825732388768,29|3.945953712212016,30|3.3786321138578357,31|2.6726144370911307,32|3.978101169532666,33|3.0508252285860458,34|3.74244175136179,35|3.5664694213088124,36|3.7755676644623586,37|2.973079501453419,38|2.7290958412206736,39|3.2647002444536297,40|3.6977552314087143,41|3.916215928081171,42|2.748610247138916,43|3.2246461448341757,44|2.2244219704363704,45|3.4895129600787578,46|3.0087715551169483,47|3.7249653259431597,48|2.9558296541879923,49|2.6975583831628533,50|4.205557657913576,51|3.694045312320866,52|3.442794043301483,53|3.5040239645439297,54|2.0606778438817983,55|3.735872681063574,56|2.630751018895431,57|3.328541874017517,58|3.7334228703000987,59|3.2002858067142887,60|2.9418933439449924,61|2.383079043634382,62|2.8966608846661686,63|2.482829826126184,64|2.243850547669334,65|2.15576649026111,66|1.561017146640556,67|3.41591776937772,68|2.863968797077591,69|3.084583249506424,70|2.8398518444870233,71|1.7626174534144168,72|3.6907361665970573,73|4.038903267169081,74|2.201742344177277,75|1.5823917205940243,76|2.565383159021181,77|3.5308957389310014,78|3.331792689196022,79|2.4872546409920986,80|3.1998727614675806,81|3.525783794954785,82|3.8285970322469813,83|3.6030238301866904,84|3.0174365985806073,85|3.155203385769915,86|2.7049671984051358,87|2.328982645760555,88|2.866653156390051,89|2.846380960208342,90|3.262134858483169,92|3.0074710813397427,93|2.369476566873628,94|3.456784549240132,95|2.529523433524883,96|4.007430058517329,97|4.174035788124515,98|2.5022590727561616,99|3.6898460946066667,100|3.073369366811839,101|3.401782255055532,102|2.0081267256615467,103|2.598536231512171,104|2.847145202207662,105|2.8403712229573856,106|3.4946468859014588,107|3.020841914955106,108|3.388711162502332,109|3.4868563373334753,110|3.6969075587121107,111|4.157892603561586,112|3.591460882663214,113|2.830475811088589,114|3.179489502498728,115|3.4868563373334753,116|4.010133533570181,117|3.3590502434845733,118|2.4729865356272267,119|1.4885334476981051,120|2.7316617889195385,121|3.707454767619956,122|2.7485738024496884,123|3.3744402407143532,124|3.4810348032237464,125|3.436285095222491,126|1.5709455324283719,127|3.4810348032237464,128|3.7872380708635935,129|3.0204145359926997,130|3.4810348032237464,131|2.978581229191909,132|2.3927937377580752,133|3.4352134461226242,134|3.5150315289797653,135|2.3145355258679317,136|3.8615155824361276,137|3.5666101293390566,138|3.295788759928256,139|3.5820208753210103,140|2.891770621809253,141|3.274491070961696,142|3.4810348032237464,143|3.4810348032237464,144|3.1892348946075444,145|2.9010570774853512,146|2.902220591530889,147|3.1885466099665294,148|3.4300554978668147,149|3.508349236494511,150|3.6228475289131183,151|3.029858490575002,152|3.1178541394113664,153|2.228134011411617,154|3.7625331551920067,155|2.978623409673313,156|3.3695622385511896,157|2.5464638347613993,158|2.6039949798029784,159|3.250052290408378,160|1.9684063611849614,161|3.2965524867900284,162|4.186176593998011,163|2.9164432146699557,164|3.5901229245688433,165|2.9900717505672536,166|2.9874603841748497,167|3.4519930510772476,168|2.3568635250521845,169|2.1426704583787655,170|3.1315046977827388,171|3.462453669472735,172|2.2717682885750117,173|1.7771769020732506,174|2.0287170840041577,175|3.1300314587851825,176|3.833684713156325,177|2.7205783761767792,178|2.9994617308032074,179|2.6859157952798016,180|3.292399405341247,181|1.4307669905059037,182|2.826281385640483,183|3.5908013563125363,184|3.1243081138333793,185|2.779278334850091,186|2.086050658714443,187|3.2915113098869044,188|3.0634318301452526,189|3.1505658123248876,190|3.8050244817993013,191|2.5855558843612814,192|3.285687609924607,193|1.6840073940366769,194|3.647330046018551,195|2.458466468625386,196|2.5467797103593375,197|2.419514951808485,198|3.100863418589105,199|4.16625849294711,200|2.770447541474678,201|2.5413784531188446,202|3.358659137224807,203|2.6677792451991547,204|2.1122913583861544,205|3.4371565615180515,206|3.8202744132544253,207|2.8802069716077465,208|2.2524982761855954,209|2.456749480075649,210|2.8832504926412756,211|3.4540967540176517,212|1.249335363242036,213|3.811046581473116,214|4.198637840280919,215|3.3525411243437686,216|2.6663949495968664,217|2.9333863260957136,218|2.7927586478633817,219|3.313725991956657,220|2.147586862251927,222|3.3611643247222616,223|3.7519161990065015,224|3.1850752809170055,225|3.1584252485200515,226|3.6684623638418223,227|2.4824037012956612,228|1.737584089103989,229|3.5392359659099633,230|3.06909509131898,231|2.9178615942950223,232|4.037080641569894,233|3.49477481030001,234|2.0060295262192427,235|3.662063084193843,236|2.3551973189616002,237|3.0461532905020805,238|3.012465274515595,239|2.643847159496981,240|2.1772571765499116,241|3.4008627904200837,242|2.8060137411521757,243|2.6957377905378666,244|3.1488022761952505,245|3.1673311836705498,246|4.127358106232881,247|3.6378842009101424,248|2.205592778703897,249|3.327079803341678,250|2.924579327640224,251|2.9500523831771206,252|2.904882960078979,253|3.3427085658660998,254|2.5489975024282794,255|2.3489973738680883,256|2.239548837506489,257|2.813588980606296,258|2.2336761810475254,259|3.1420556815608256,260|3.9727099349204438,261|3.3120803774924887,262|3.755514388792793,263|4.1755821853088655,264|3.5259666758861297,265|3.5233963824656387,266|3.01133859976467,267|2.2640179781696603,268|3.5609926273230146,269|3.758046378261686,270|2.826268565108575,271|3.4170840407898044,272|3.5642512076882387,273|2.9194830289125315,274|1.6653850132562205,275|2.864836515092393,276|2.2584654659104197,277|3.25744408196356,278|3.32250225910175,279|3.5514531464813395,280|3.413767676157472,281|3.5866918873514435,282|3.0630424232323827,283|2.993672904322003,284|3.754811412644295,285|2.8787613693123353,286|2.850513958066054,287|2.7547456340843652,288|3.5300453952953745,289|3.1196522163991895,290|3.4683866577637557,291|2.3331613017976363,292|2.9903593526199805,293|3.870706884618242,294|2.9107718176174906,295|2.82236783954336,296|3.9110142450360414,297|3.0788781909264316,298|3.8968595282760385,299|3.5277949408266296,300|3.760863036618078,301|2.312501750772111,302|3.53614330559923,303|2.83551354449953,304|2.487735089869964,305|2.6701686651813317,306|4.092596602880267,307|3.9556382604222273,308|3.5721009164252773,309|3.446338205461048,310|2.686271305998958,311|3.099951017305319,312|2.904267878035557,313|2.993594294420604,314|3.733368793255613,315|2.0683866247730505,316|2.743581632414446,317|2.478285188089889,318|4.018526475736246,319|3.980264543654269,320|3.1924345825902156,321|3.7311182111255423,322|3.5351424411339156,324|3.3788898534720673,325|3.027362999238713,326|4.014552257193889,327|2.587753957135476,328|2.7809986703308986,329|2.8554605215103077,330|2.389852044806836,331|3.5591045310856173,332|2.7348972871278923,333|3.0263447996978727,334|3.4121021344461937,335|3.3157580564395497,336|3.543347419062262,337|3.8045118927524917,338|2.5456081110267537,339|2.9958777411455566,340|3.3883346787768427,341|3.382540872922468,342|3.5530451737147715,343|2.82432029480906,344|2.7976350141084714,345|3.45489104280551,346|3.5801442157948027,347|3.3990152790358197,348|3.7015352699204955,349|3.2288469064114733,350|3.176351404998015,351|3.049715742412917,352|3.4424887863650477,353|3.3568287125580785,354|2.7662227239728425,355|1.8232440311442697,356|3.287917170806243,357|3.3889627467180237,358|2.5589144337610756,359|3.214510731822199,360|2.611434319856361,361|3.120510044216305,362|3.2868708414392973,363|3.76014242064522,364|3.5336707698150565,365|3.0696121895069153,366|2.9474675644266575,367|3.0249207130956903,368|3.1823335281828316,369|3.1628349319204485,370|2.595624551810202,371|3.1370874281224657,372|3.032852888173516,373|3.69981326991422,374|1.8494061079343511,375|3.1136928655114073,376|2.923352356385308,377|3.207840124041882,378|2.562698734148235,379|2.3742257247775918,380|2.932460774304923,381|3.231447920960653,382|2.93967076142435,383|2.90344699513875,384|3.535851669409878,385|3.7065319424311935,386|3.573444501360571,387|2.484029987060689,388|3.306702837358436,389|3.5778569923474626,390|3.9510274996113424,391|3.1105691755034597,392|2.9114407192786893,393|1.5443654799269808,394|3.4020876636816766,395|3.4810348032237464,396|3.4810348032237464,397|3.2335687324253444,398|3.4817912293573174,399|3.4810348032237464,400|3.4810348032237464,401|3.758102265745788,402|3.038115904116566,403|3.417886498221696,404|3.5150315289797653,405|2.1623888442713204,406|3.2665948623441787,407|3.402287359103277,408|2.37339802469447,409|2.9322534796821498,410|2.733130279498389,411|2.935060380177527,412|3.6685773875243712,413|2.555935533366142,414|2.147193053447577,415|1.9498502158029107,416|2.3669334355113163,417|3.4954211919990685,418|2.3448032474389957,419|1.9280392566656759,420|1.9113800359482247,421|3.5179153970980126,422|3.3910779319093542,423|2.9374973114513026,424|2.674835649661323,425|3.0564869833293757,426|2.937234083122539,427|2.4386379194282712,428|3.4440635025466495,429|2.317397204088072,430|2.4632334885127314,431|3.4953194427215903,432|2.1559034280598093,433|3.153008367198752,434|2.701578319798455,435|2.3216993635343557,436|2.4874186251685177,437|1.5901084704966286,438|1.912051419927519,439|2.9044005783573503,440|3.2795691886437037,441|3.4003865126954174,442|2.53711976881527,443|3.029514783259153,444|1.757610034993653,445|2.1767924077218863,446|4.038443998843759,447|2.78027331745414,448|3.891290747763681,449|2.4413140657786974,450|2.958715941527154,451|2.98141668949407,452|3.3397538952623274,453|2.64600551803956,454|3.200353645098149,455|2.4519488737221744,456|3.487066405191862,457|3.612345082728424,458|3.104481799874601,459|2.375111566774269,460|1.7085673026444321,461|3.334433416285558,462|2.8107904717738643,463|2.653278873330853,464|2.837439301332695,465|3.3923594388212255,466|2.594904869972435,467|2.413416319380863,468|3.344116800179516,469|2.8274087422994603,470|2.8193428829633715,471|3.453001303918464,472|2.6689534805750954,473|1.6199117425064955,474|3.7609908257877533,475|3.80619181554564,476|3.0829502691038257,477|3.5703163245880845,478|2.0988693778089975,479|3.091223964923131,480|3.329060106102276,481|3.2322589013665706,482|2.970094122279865,483|3.09602810678296,484|2.865900634663679,485|2.0737535682032835,486|2.0288310311436146,487|1.6782487680210745,488|3.175421670042007,489|2.1940359505698037,490|3.2939232751552354,491|3.230283876341195,492|3.4772663581466348,493|3.406165082227191,494|2.7858080577767668,495|3.280742421211478,496|3.279277739921694,497|3.819659878562038,498|2.305397222619023,499|2.657717862539381,500|2.816946985122917,501|3.8161145513419297,502|2.0087714836360613,503|3.0951063541957082,504|2.5248640033873535,505|2.0292859034762154,506|3.087900570688622,507|3.544935287745986,508|3.4418675761887867,509|3.8732732245657973,510|2.025084487591919,511|2.4646236541767763,512|2.748656352477682,513|2.635547722379581,514|3.196756319067561,515|3.652240602341333,516|2.516626470987119,517|2.8306470384758633,518|2.7624977693313553,519|1.5415148016255138,520|2.6155272188388112,521|3.5424892559377588,522|3.7078757649942258,523|3.8613998296268623,524|3.0201706285998853,525|3.9953944624680204,526|3.326464197007074,527|4.0563421725083755,528|2.3110623076745185,529|3.7584458473835056,530|3.4810348032237464,531|3.7808837576535996,532|2.9760777593519294,533|2.5556254183261267,534|3.595586486508921,535|3.706923358543457,536|3.3717144552546388,537|3.0188359053464064,538|3.757818904813491,539|3.214919004279618,540|2.37008825066331,541|4.003599650852617,542|1.8496375212168554,543|2.93523999533907,544|2.431340850304235,545|3.1428259933695895,546|1.658672929718804,547|3.0985258039301,548|2.285611711152267,549|3.3652859494127014,550|2.844351277667756,551|3.7651244293738113,552|2.978160635537466,553|3.2152223831975943,554|2.44886598691152,555|3.594087584947074,556|4.035670698939132,557|3.4810348032237464,558|2.694383891204632,559|3.2614056025262608,560|3.4810348032237464,561|3.3015651736071945,562|3.893778814735161,563|3.312432288550818,564|1.8452159336570841,565|3.1076510994293054,566|2.777443312745232,567|3.4810348032237464,568|3.7931154532887987,569|2.8446414989455637,570|3.2436876156072962,571|3.3426544796803226,572|3.4810348032237464,573|3.3754687483239914,574|3.4100774092690895,575|3.2307706254032285,576|3.4868563373334753,577|3.085228770486732,578|3.468958584480265,579|3.6684623638418223,580|3.185271161268073,581|3.625710823864701,582|3.3444943803273377,583|3.176521956979091,584|3.4810348032237464,585|2.8031393219080023,586|2.9816723722766008,587|3.2691204730582837,588|3.394925417906807,589|3.2171367891695466,590|3.45197704574442,591|3.694045312320866,592|3.3349771005887003,593|3.5004696826431703,594|3.496229079451658,595|3.5408138131340063,596|3.3009530649712984,597|3.195553931947389,598|3.1604761332173332,599|3.458870546050506,600|2.1098857205831187,601|3.487193539630884,602|2.245055188625077,603|2.2385186515766424,604|3.5150315289797653,605|2.587276635390544,606|2.3404402365566273,607|3.4810348032237464,608|4.201656455868737,609|2.657822532588635,610|3.3138891430715,611|2.2078392119266104,612|2.663987316415476,613|3.2873645718494497,614|2.1454052839563067,615|4.255565372565756,616|3.010524965590064,617|3.7155952628125837,618|2.547464534486459,619|1.6482034748380556,620|3.4810348032237464,621|3.2569174054860595,623|3.462319546070452,624|3.286218378640895,625|3.4810348032237464,626|2.147928088527638,627|3.607804116999287,628|3.6400954717860645,629|3.4810348032237464,630|2.3912107374560625,631|2.1327569833097675,632|3.3437438313433647,633|3.549026426909106,634|2.677048728709293,635|3.754157932473242,636|3.4810348032237464,637|2.4286094926727113,638|3.1664772727227923,639|2.5855042188953004,640|2.753372418211103,641|2.850035502516678,642|3.4810348032237464,643|3.4868563373334753,644|3.4868563373334753,645|3.8604048845609134,647|3.2785338092738066,648|2.946816759751348,649|3.6583163191008925,650|2.990957393146795,651|2.774040997668819,652|3.5370285697870605,653|2.7177578616588676,654|3.3758994093937704,655|3.4868563373334753,656|1.844832521031847,657|3.4352134461226242,658|3.432054202221316,659|3.675294782338704,660|2.9909766205808763,661|3.2822573229114838,662|2.927646904487891,663|3.1358770137814966,664|3.098584474420563,665|4.16244832714732,666|3.4586009940270745,667|2.921423173442651,668|3.6384838388076277,669|3.4810348032237464,670|4.272300514646805,671|3.4424542184196776,672|3.4810348032237464,673|2.457791167155446,674|2.6096987138673367,675|3.694045312320866,676|3.4810348032237464,678|4.414474503106141,679|3.38501162735315,680|3.7704779092185463,681|3.1785299384440933,682|3.0445051603750795,683|3.5150315289797653,684|3.4810348032237464,685|3.9932551905411513,687|3.2497728171383757,688|1.988880755045591,690|3.2745985772388555,691|2.517225641052744,692|1.9522612303920355,693|3.4810348032237464,694|2.33423774111512,695|2.7130062190628292,696|3.183387976127886,697|2.2374360510792064,698|3.2114337893923697,699|3.4810348032237464,700|3.3693935887424686,701|3.46282481499064,702|4.000659914527051,703|2.3024151767428576,704|2.842181863449955,705|3.614463023721527,706|3.180112843892725,707|3.1108588876118786,708|2.9699469530188654,709|2.932254171157191,710|2.6456970390742884,711|2.766822064599589,712|3.5556494742008087,713|3.3870046649174648,714|3.802554046075727,715|2.9889225103183987,716|3.290767355110367,717|3.2280198672547007,718|3.3440962379192136,719|2.7424250028309283,720|3.193818291301601,721|3.4810348032237464,722|3.353079717731715,723|3.4810348032237464,724|2.143896808935806,725|3.0035276496058456,726|3.128209094189722,727|3.5150315289797653,728|3.592203308231012,729|3.2673796504291923,730|3.4810348032237464,731|2.956105277807545,732|3.205861161163865,733|3.2915681143743214,734|2.9525602505993804,735|3.2783398483598,736|2.6391824113934335,737|2.7467755503765456,738|3.4810348032237464,739|3.4868563373334753,741|3.5120744698517394,742|2.9737126494849013,743|3.0129240102264534,744|3.4810348032237464,745|4.06955674608428,746|3.5432852067353187,747|2.7915747439790213,748|2.4572272496245686,749|3.4810348032237464,750|4.604302058801637,751|3.257354365450534,752|3.3749755737205254,753|2.9442648145148986,754|2.9469528306890327,755|3.2385061905466332,756|3.440402285811979,757|3.340293166293346,758|3.4810348032237464,759|3.615346620668169,760|3.3926920135082193,761|2.7584701750559573,762|1.795760282040276,763|3.174240679246166,764|2.750320940368243,765|2.7091655228990756,766|3.710122705561291,767|3.4810348032237464,768|3.4810348032237464,769|3.5150315289797653,770|3.4810348032237464,771|3.354402962720029,772|3.4868563373334753,773|3.4810348032237464,774|3.4810348032237464,775|3.2774159435542547,776|3.1285401617510127,777|3.6006327317068516,778|4.038198391895164,779|2.9616567517765526,780|2.922473711908827,781|3.4731994523513103,782|1.7174697384483775,783|3.259590327774082,784|3.205837959560215,785|3.247011931029384,786|2.299376402702141,787|3.4791124217064464,788|2.6805356761588044,789|3.2616062176937453,790|3.319565247771298,791|3.4955078460663054,792|3.1212489872712545,793|3.3446728556128877,794|3.157513050685919,795|3.4810348032237464,796|3.4810348032237464,797|3.362605824602686,798|2.085801584495691,799|2.1074291382279093,800|3.7264045869741844,801|3.1295964451412397,802|2.8799077612372628,803|3.4680835211886105,804|2.611120665671377,805|3.1256008817184346,806|3.1761489720740217,807|3.293704995826872,808|3.0382933800273513,809|2.655075571216909,810|1.4854577427946951,811|3.4868563373334753,812|3.4810348032237464,813|2.503340885016829,814|3.4810348032237464,815|3.761265197798421,816|3.3085835241344252,818|2.298174152632738,819|3.3171492635782274,820|3.111423829563301,821|3.2500311144959984,822|3.4810348032237464,823|3.3133930685406776,824|3.9351411386726616,825|3.3749755737205254,826|3.4810348032237464,827|3.1578167907022396,828|2.8747828966047755,829|2.8603622558373782,830|2.3250177078178247,831|3.458744916869638,832|3.164457918140564,833|2.390904879185375,834|2.8572981788820417,835|2.338504315619031,836|2.100696214651843,837|3.1439496629003862,838|3.08939788933049,839|1.9833038599180313,840|2.2920283780796256,841|3.301785988187615,842|2.3259791409944817,843|3.258157109393731,844|3.4548034768152047,845|3.464828617674407,846|2.8029519587285012,847|3.0491907086173162,848|3.2310216661077593,849|2.3506316991813874,850|3.543239936715559,851|3.558204306102529,852|3.148726090933593,853|3.1973819318265564,854|3.5383539406184648,855|3.4810348032237464,856|3.291639952769429,857|3.4810348032237464,858|4.134441452238022,859|3.5150315289797653,860|2.9389126284005203,861|3.06373345089914,862|2.994952755828716,863|3.584745614338718,864|3.1192778584037235,865|3.453986473670043,866|3.7897855661866893,867|2.864422742791116,868|3.2675305393300427,869|3.3035168660479055,870|2.2632703356358372,871|3.4048681498516946,872|3.422899445660321,873|3.4810348032237464,874|3.173561010978887,875|2.4711829814321193,876|2.37020245683565,877|3.5736405655352055,878|3.4810348032237464,879|2.5936187446699264,880|2.0870279669199348,881|2.8052293234671914,882|3.22787857225201,884|3.1630822780120296,885|2.670381175301146,886|2.4511993281089146,887|3.4810348032237464,888|2.3490772172257253,889|3.229418275919479,890|3.6684623638418223,891|2.0815381811801412,892|3.463846529715588,893|3.5529699098338092,894|3.462319546070452,895|3.0987040327679,896|3.407842077521539,897|3.977587140892624,898|4.047596033338008,899|4.037257705648218,900|3.6006181874037217,901|3.561710384025636,902|3.4133596992749364,903|3.7633529049630168,904|3.7234746027985857,905|3.553202725644156,906|3.721611413832118,907|3.522309476153202,908|3.530011193513003,909|3.5986739425030003,910|3.474135898389693,911|3.5481662329419397,912|3.57341084105947,913|3.766676248519545,914|3.439973349543276,915|3.3819990681723793,916|3.4131039791175626,917|3.3698778340592055,918|3.5777196548509025,919|3.551409428654641,920|3.4890644449167496,921|3.4636851170463565,922|3.80639226834459,923|3.6921037792875584,924|3.5708653369183487,925|3.3856340524083253,926|3.6612650179448574,927|3.4973869980672907,928|3.8018132037066668,929|3.5637989511265937,930|3.7986079803188275,931|3.7386071496048334,932|3.3287387311936865,933|3.679900231308528,934|3.2445178452394603,935|3.6610124189628612,936|3.476678303946641,937|3.4267715552057667,938|3.439177403436291,939|3.318736631733497,940|3.454534838237599,941|3.0550533414995074,942|3.8409123026307572,943|3.290353200136,944|3.5081577712689995,945|3.686141361353187,946|3.4594738235888745,947|3.5230173552284807,948|3.407530869915764,949|3.5579449733065163,950|3.5160313727840027,951|4.573683898931803,952|3.7464841914753144,953|4.055123204135276,954|4.215027602627302,955|3.6093787270541506,956|3.2753035934912846,957|3.551352042608053,958|3.1038867257761096,959|3.6313597308989216,960|3.4864946677236173,961|3.2293253071320343,962|3.9632299611362463,963|3.691139959622922,964|3.289671060654091,965|4.219187207849901,966|3.151187484303538,967|3.3290573150814415,968|3.6829703179248368,969|4.09478982345046,970|3.504405006741705,971|4.119030646786729,972|3.3565991581376755,973|4.116966685593699,974|3.9302682821414683,975|3.528468603169126,976|2.741110671793811,977|3.544426193991854,978|3.4810348032237464,979|3.543347419062262,980|2.9607010893048153,981|2.7720101331969156,982|3.764796942572085,983|3.462319546070452,984|2.900617856826189,985|3.5109959335407175,986|3.56967419317788,987|2.8014768869208955,988|3.0697829883830874,989|3.5751162078581036,990|1.9447452596378152,991|3.0219463708448937,992|3.1604882746381255,993|3.3880312020353327,994|3.8520939915793013,996|2.6688715512638748,997|3.1710301881074554,998|3.3116805469392396,999|3.351337212360133,1000|3.2214905353132597,1001|3.4868563373334753,1002|4.01331020808448,1003|3.056410069233711,1004|1.7436246762559144,1005|2.114914398453103,1006|2.4294281382453784,1007|2.9590077573607334,1008|3.3430117693479713,1009|2.7880708019236495,1010|3.0658065466118334,1011|2.7691180452543387,1012|3.589506776402028,1013|3.2700254382703973,1014|3.369148039771727,1015|3.337135361670791,1016|2.901695171084748,1017|3.3827133469853203,1018|3.0089860474701533,1019|3.578842986940759,1020|2.8402216930077584,1021|2.406740391295439,1022|3.695236762485323,1023|3.7505277146454956,1024|3.470619223407358,1025|3.6240317510741633,1026|3.565307301834684,1027|2.6800113586341334,1028|3.7762379110489794,1029|3.759622261247409,1030|2.7582741032478744,1031|3.0080960569132333,1032|3.776529483844383,1033|3.55740988197574,1034|3.567613904846908,1035|3.7368932258692444,1036|3.578780280821898,1037|2.2141645192213186,1038|4.140430064447875,1039|2.854988703982002,1040|3.489709701049926,1041|3.80454029181831,1042|3.07457419746959,1043|3.030756869163684,1044|2.9102115706595293,1045|3.016313163702086,1046|3.66785412567886,1047|3.2619945255157154,1049|2.927501609967773,1050|3.9514199523166456,1051|3.559499165854377,1052|3.4810348032237464,1053|3.436876377783846,1054|3.550411656160727,1055|2.733020358284823,1056|3.2346379132468965,1057|3.5344502289415347,1058|3.5646632074335356,1059|3.2569545866371534,1060|3.6068971308668867,1061|3.200810804382294,1062|3.322632780931313,1063|3.2308264199524146,1064|2.850323479583629,1065|3.544426193991854,1066|4.0750782694970615,1067|3.577860664006461,1068|4.342379771351074,1069|3.8563001235949232,1070|3.25187911289808,1071|3.291897947736322,1073|3.7254459604460957,1075|3.068989584856996,1076|4.0547921276153005,1077|4.007635377910757,1078|3.6121947551038094,1079|3.6509807591630548,1080|3.7314852284310254,1081|3.5897678926566288,1082|3.725145541768525,1083|3.0613882952809544,1084|3.8832148199163967,1085|3.65565499715213,1086|3.9718240380809227,1087|2.9805986344410424,1088|2.9788744116144765,1089|3.819750912924836,1090|3.6885852353417548,1091|2.243371198724483,1092|3.062192149003798,1093|3.2461636282068294,1094|3.5881135203802828,1095|3.852442294332697,1096|3.7893551919844746,1097|3.420254806832549,1098|2.221891886907159,1099|3.5379153030000023,1100|2.4959666985096876,1101|2.914660959099934,1102|3.0017708790941255,1103|3.910265763341812,1104|4.067403291090494,1105|2.1054200520200856,1106|3.5150315289797653,1107|2.8317899752191993,1108|3.5150315289797653,1109|3.4810348032237464,1110|3.650039201540184,1111|3.5039143089805416,1112|3.6565206403219506,1113|2.88370667029691,1114|3.044948702514532,1115|3.4352134461226242,1116|3.3581204012016754,1117|4.0885779579077095,1118|3.4601898796356254,1119|3.2811907495235846,1120|3.6472934225167775,1121|2.643978486751761,1122|3.5150315289797653,1123|3.556988395303955,1124|3.292797861380492,1125|3.2372376141700228,1126|1.9761590101144544,1127|3.5079614655527322,1128|2.7762728591673103,1129|3.2374783135710485,1130|3.008904228425174,1131|3.9789709567008984,1132|3.9577034091083725,1133|3.4352134461226242,1134|3.169782790802964,1135|2.7959222957126846,1136|4.186485163899917,1137|3.1531598178769675,1138|3.5648225256772426,1139|3.4810348032237464,1140|3.4810348032237464,1141|3.4810348032237464,1142|3.4810348032237464,1143|3.3897085602455785,1144|3.8000759248915514,1145|3.5150315289797653,1146|3.4352134461226242,1147|4.007167812858178,1148|4.304318977036669,1149|3.213282074844428,1150|3.503014306521014,1151|3.1460714653313313,1152|4.192881455730673,1153|3.499503590246764,1154|3.4660171202929044,1155|3.4810348032237464,1156|3.4810348032237464,1157|3.4810348032237464,1158|3.4868563373334753,1159|3.462319546070452,1160|3.4868563373334753,1161|3.7614573526049275,1162|4.037786753499459,1163|3.4810348032237464,1164|4.032591133160324,1165|3.5950489422980985,1166|3.4868563373334753,1167|2.0303273628375016,1168|1.606366171225344,1169|3.6319227934359355,1170|1.8005752074673664,1171|3.672929127749244,1172|3.9347267992375805,1173|3.2472869138552354,1174|3.2558583639198906,1175|3.633053751994983,1176|3.8590789852507976,1177|3.5374377992534134,1178|4.193169711348572,1179|3.759352906526691,1180|3.7566007276294267,1181|2.8238354306809343,1183|3.3338394787290158,1184|3.5658021618674365,1185|3.914143976500016,1186|3.6474845564900544,1187|3.641573326390888,1188|3.690972579747153,1189|3.9980142540629275,1190|2.9633343032705737,1191|3.122576419290615,1192|3.7914161653760745,1193|4.331635070980184,1194|3.2900682350690262,1196|3.714838051662562,1197|3.738856729112242,1198|3.779038667963658,1199|4.092195058141094,1200|3.7469386967782086,1201|3.860326885393005,1202|3.4053070360521263,1203|4.297313775840973,1204|4.16492247632338,1205|3.837469960168738,1206|4.136731299191184,1207|4.2690471811847575,1208|3.9163712010247256,1209|4.159857270474703,1210|3.4534428943305557,1211|3.6449533213837593,1212|4.4344270529713,1213|3.9566127567823184,1214|4.036613891470619,1215|3.49575006106516,1216|2.3602844108200314,1217|4.323027490972827,1218|4.017325194160216,1219|4.3295397258954464,1220|3.6432068659948698,1221|3.9597818862937797,1222|3.819130933697019,1223|3.905188941390832,1224|3.6745723478098093,1225|3.931479074565035,1226|3.731378540914009,1227|3.6444195377616095,1228|4.100442098571356,1230|4.134159618862317,1231|3.7709365648154383,1232|3.889266106441119,1233|3.9528032884615896,1234|3.9583484683468857,1235|3.9956456174492905,1236|3.944042565089835,1237|4.416460870587066,1238|3.8608315404348246,1240|3.5905387942033746,1241|4.040754580930843,1242|3.6196140172330717,1243|3.6404842206401167,1244|4.014162301895729,1245|3.735184060770683,1246|3.5045333378501646,1247|4.061492611349568,1248|4.019940042189338,1249|4.081332054621403,1250|4.04257229766683,1251|3.630034006854057,1252|4.226195568227762,1253|3.54507697695142,1254|4.306757907682758,1255|3.057525949234244,1256|3.9628772920977373,1257|3.653609519987106,1258|3.6762405567407788,1259|3.931939207666622,1260|4.321278134571006,1261|3.3646028594733473,1262|3.573585397210475,1263|3.5849920167142786,1264|3.730714389571933,1265|3.685900452351274,1266|3.553304679262605,1267|4.2804062558610845,1268|3.3237336605772017,1269|4.004267489704867,1270|3.347814892838568,1271|3.302249641584539,1272|3.6725337189154583,1273|2.9517303534599413,1274|3.599892149767567,1275|2.9847677814586993,1276|3.691238729211583,1277|3.959099670138034,1278|3.7766036716645415,1279|2.8852368249712566,1280|4.424453848365891,1281|4.024619550587452,1282|3.910141449826733,1283|4.196921697603721,1284|3.769442875044882,1285|3.911571235864998,1286|2.6296483695505737,1287|3.9010632300284187,1288|4.230032768079294,1289|3.6173752887929176,1290|2.7890935347755077,1291|3.4958303184048534,1292|4.159636836266812,1293|3.581324927156834,1294|3.5190197770377987,1295|3.614213943134424,1296|3.8890892938608292,1297|3.738757217199162,1298|3.4144629133104614,1299|4.014545943707637,1300|3.767587670963332,1301|3.7668340068498622,1302|3.5306452036877194,1303|3.8600831118388363,1304|3.9897682160239674,1305|3.7490151305807213,1306|2.9581540290573916,1307|3.509293558752349,1308|3.4868563373334753,1309|3.3758994093937704,1310|2.8947832463389975,1311|2.892311544570723,1312|3.3132547064860782,1313|2.422412506758006,1314|3.0813294539415272,1315|3.6989281452855005,1316|3.4810348032237464,1317|2.8006604758648526,1318|3.2056904828627095,1319|3.5150315289797653,1320|2.897763103809368,1321|3.3913472124882764,1322|1.425865331429548,1323|1.5420314335183032,1324|2.428466086658112,1325|2.0306526659456936,1326|1.5208026933981782,1327|2.610506393858321,1328|1.5291441070098466,1329|3.239120339130846,1330|2.858030321527578,1331|3.151114922785422,1332|2.8978810761591403,1333|3.941390975388894,1334|3.1130821621467835,1335|2.2954883469733107,1336|2.1362453961963195,1337|3.2442969770292778,1339|3.395775983768704,1340|4.123352833910587,1341|2.542878585959433,1342|2.897616504497628,1343|3.495538722150627,1344|3.8231743136305445,1345|3.5587571965752507,1346|2.8702325060335125,1347|3.211485670136537,1348|4.047537124072889,1349|3.261087901717217,1350|3.370728639876316,1351|3.302140247911569,1352|2.4617516151533128,1353|2.3364427183465315,1354|4.08103407587119,1355|2.767755646401765,1356|2.98379503117806,1357|3.5945115109143755,1358|4.097310378261314,1359|2.1282315446382682,1360|3.3274430747290467,1361|3.9288137088080997,1362|3.4810348032237464,1363|2.514234246234148,1364|3.4847282770998245,1365|3.9128602667123547,1366|3.4864253796803846,1367|2.738596967103237,1368|3.4810348032237464,1369|3.2638790731676703,1370|3.0529269739368665,1371|2.4377757512638603,1372|2.848542275123414,1373|2.2746890751795146,1374|3.1950406801931455,1375|2.8824643884267793,1376|2.9946665620871307,1377|2.946651846546546,1378|3.0358460752044136,1379|2.5671271463554834,1380|2.8020386346392354,1381|1.9686222181400432,1382|1.9349367060072908,1383|2.8373187620416633,1384|3.230590291583227,1385|2.82010001425352,1386|3.459090808379504,1387|3.7928981028330657,1388|2.3246957289363053,1389|1.9852672893617322,1390|2.762017720976141,1391|2.8137309628160256,1392|3.683699132401255,1393|3.3500223232535378,1394|3.9555384678051917,1395|3.3492540689308683,1396|3.530137906424522,1397|3.7932075337232596,1398|2.248790847569369,1399|3.0984829678816945,1400|3.4810348032237464,1401|3.3298404256794116,1404|3.1698030176357426,1405|3.212561576402676,1406|3.3861408218518814,1407|3.3299180434438034,1408|3.144496994743381,1409|2.925176347662178,1410|2.952182899600863,1411|3.510323887821823,1412|3.439254790606996,1413|3.477634063081217,1414|3.1008637178328966,1415|3.10396355086157,1416|3.284726329777567,1417|3.265870646232468,1419|3.5025050406490603,1420|3.5519989325683867,1421|3.5150315289797653,1422|3.1067795957192024,1423|3.5062992194974343,1424|3.650039201540184,1425|2.9998523263064265,1426|2.797217975927178,1427|2.8732892902425604,1428|3.4810348032237464,1429|3.0892141431955547,1430|3.081162193254113,1431|3.14288595444341,1432|3.2066137394475223,1433|2.8360620781346233,1434|3.650039201540184,1436|3.0943144484868927,1437|3.290387093563324,1438|2.7076569006778675,1439|2.7307277213359664,1440|2.897397555358372,1441|3.2667776537858715,1442|3.19533567532868,1443|3.5150315289797653,1444|3.5227492201999278,1445|2.562428394345729,1446|3.4882425994806967,1447|3.3127893772613595,1448|3.5150315289797653,1449|3.5583071772818,1450|3.5498587769670005,1453|2.7428994057112956,1454|3.3542419086408772,1455|3.022592494034357,1456|2.795372685604688,1457|2.8789976759668443,1458|3.1778365505308104,1459|3.233835437843024,1460|3.069037008938457,1461|2.7697176556771015,1462|3.5150315289797653,1463|3.0165887280057984,1464|3.401065284079645,1465|3.2133572895873037,1466|3.4433129335380674,1467|3.4352134461226242,1468|2.8543843263457656,1470|3.314607883317394,1471|3.3502462519025977,1472|3.153286568084036,1473|3.0739504776568047,1474|2.6694728619950117,1475|3.0636108222175156,1476|3.1030935496728675,1477|3.308165272683199,1479|3.1851149915140766,1480|3.1322578115906,1482|3.203562519537991,1483|3.269580669275851,1484|3.324749703438871,1485|2.5382522306394364,1486|3.484497624788341,1487|2.527229015581912,1488|3.216445189610645,1489|2.1929272135448556,1490|3.4868563373334753,1493|3.212203503616519,1494|3.4868563373334753,1495|1.1920394996417873,1496|3.4629533889742126,1497|2.7835765023915693,1498|3.038547253000436,1499|2.003032059693365,1500|3.3276766169850522,1501|2.4495039352071966,1502|3.1649877934029353,1503|2.3253157611551662,1504|3.6059860682991984,1507|3.0414373545595437,1508|2.885489498473528,1509|3.653957453294276,1510|3.4810348032237464,1511|3.2134268981018623,1513|2.7826384798512125,1514|3.068265526300304,1515|2.174805786904798,1516|3.425076055719218,1517|3.3989765068714375,1518|3.15445898875959,1519|3.0795616569450415,1520|2.5690453032767904,1522|3.4810348032237464,1523|2.448475990132059,1524|3.4810348032237464,1525|2.0183143876241396,1526|2.500787543133126,1527|3.3031583390261545,1528|3.4868563373334753,1529|3.3846662698255,1531|3.301251620853307,1532|2.717633855715314,1533|4.283237287373176,1534|3.3597516095111724,1535|3.1590614143396882,1537|3.5888251126709205,1538|2.843135094142263,1539|2.4796798274155574,1541|2.6172121494864866,1542|3.32800077027402,1543|2.341510326232102,1544|2.45136842272641,1545|4.2210295227904435,1546|3.838039468801839,1547|3.4540407404888462,1548|3.4810348032237464,1549|2.5463973318423,1550|2.6468240573999653,1551|1.780277588347527,1552|2.987919779270568,1553|3.4868563373334753,1554|3.098397719579089,1555|3.398154221089645,1556|1.7843931108886593,1557|3.4810348032237464,1558|3.4868563373334753,1559|3.4810348032237464,1561|3.4868563373334753,1562|1.6067038349782625,1563|3.245446710161019,1564|3.545956526697243,1565|2.3333812572534542,1566|2.8538325816851504,1567|3.0459116467857728,1568|3.5447400095271515,1569|3.0012054267536454,1570|2.8870114264638707,1571|3.7467921849236134,1572|3.487454859743609,1573|3.250277679445065,1574|3.0171800941102394,1575|3.603924590532068,1577|3.4810348032237464,1578|3.6553268928114613,1579|3.4810348032237464,1580|3.2404678015472257,1581|2.700259709695435,1582|2.875200962099811,1583|3.1375931229885827,1584|3.545764859423434,1585|3.198136533912689,1586|2.6791031529905456,1587|2.67206101088919,1588|2.9497920260175614,1589|3.259877181335651,1590|2.5830382826970446,1591|2.1984475267658143,1592|3.076681562380205,1593|2.5335925151426233,1594|3.8740959942024693,1595|1.536253345047541,1596|3.5714634205762206,1597|3.238725153024093,1598|2.6432012445635373,1599|2.5065121047144734,1600|3.006231961946239,1601|2.7779815054787926,1602|2.6167124238945636,1603|2.930636688144993,1604|3.0283003383044518,1605|2.061476694902928,1606|2.6368529259894906,1608|2.87237712465189,1609|2.737796970464238,1610|3.5980254924257133,1611|3.655522173982816,1612|2.64576351669624,1613|3.2362457969562657,1614|3.076864786556434,1615|2.9307329055915616,1616|2.940363083393166,1617|4.1186168423633225,1619|3.081952790159363,1620|2.6063111148513545,1621|3.000193093181069,1622|2.878039902405914,1623|2.8611658894188,1624|2.9752352061684375,1625|3.6551175988913776,1626|2.9408777171463196,1627|2.530632743719524,1628|3.4810348032237464,1629|3.2075402013100143,1630|3.4352134461226242,1631|3.0071216871313697,1632|2.553169544808336,1633|3.3498874867439357,1635|3.749128848893398,1636|3.2155236027178633,1639|3.444452694246593,1640|2.6074361068181666,1641|3.6043327801566005,1642|2.6804542771097735,1643|3.779606856751534,1644|2.671144850778157,1645|3.121003874596836,1646|2.202845901780805,1647|2.751903406702638,1648|3.2274979342665064,1649|3.7458958827334414,1650|3.3714842754010634,1651|3.581384049945374,1652|3.4174381446430147,1653|3.4318209488515166,1654|2.684508119577818,1655|2.3327789835480597,1656|2.9346591078217585,1657|4.210808010981638,1658|2.6720919953126483,1659|3.369696301623735,1660|3.359054960393399,1661|3.106047710591852,1662|2.9202286077846047,1663|3.252550067296359,1664|3.4281982823697006,1665|2.5173366730454365,1666|1.9187544349714207,1667|2.7185682688583768,1668|2.988091976818424,1669|3.462319546070452,1670|3.213801809449321,1671|2.6215497388811184,1672|3.3760881162147105,1673|3.846648169687537,1674|3.7287920540937627,1675|3.4255016593892518,1676|2.5546960383230126,1677|2.736274518732301,1678|3.521162694408226,1679|1.4732208850880575,1680|3.0763310729681628,1681|1.7926379618943362,1682|3.7625106057327544,1683|3.8690613782185848,1684|3.602939754926063,1685|3.5049353589515,1686|2.933767047792222,1687|2.900893769888083,1688|3.6609357309114796,1689|2.5354315360014787,1690|2.529169395414434,1692|3.7349358768796987,1693|3.2265504279866777,1694|3.8112172187350497,1695|3.554753314764869,1696|2.97982694440216,1697|3.6553268928114613,1698|3.2141725003521198,1699|3.5470003868361504,1701|3.043799707131252,1702|2.095914644170657,1703|1.9317000320964923,1704|3.77874289415018,1705|3.4810348032237464,1706|3.4810348032237464,1707|1.9963424694193268,1708|3.4810348032237464,1709|3.6684623638418223,1710|3.4810348032237464,1711|3.036352085143332,1713|2.8054064996105907,1714|3.462319546070452,1715|2.9529545046870522,1716|3.4810348032237464,1717|2.8983288843066006,1718|3.071486197066073,1719|3.9734658571623487,1720|3.6080852443848483,1721|2.7845946000933646,1722|2.8091497225460262,1723|2.977741412928696,1724|3.4810348032237464,1725|3.3627218613744883,1726|2.531626186312624,1727|2.335314731225128,1728|3.4732994068200838,1729|3.6678674510944216,1730|3.6236126222120415,1731|1.6744870964582708,1732|3.5769149854326456,1733|3.0622930670670696,1734|3.264024615806534,1735|2.8989781982352403,1738|3.4868563373334753,1739|1.5369726011619296,1740|3.5820208753210103,1741|3.4810348032237464,1742|3.6553268928114613,1743|3.542132360870953,1744|2.8426375501071144,1746|2.210999916468353,1747|3.3917232275875357,1748|3.7019488331314188,1749|3.213204927871486,1750|1.5802509762492964,1752|2.475250918690338,1753|2.7955170511141656,1754|3.0443589978762025,1755|3.2642688255388173,1756|2.6973389548243154,1757|3.3420478091864494,1758|3.4810348032237464,1759|3.6695436829911277,1760|1.3267139529789054,1762|2.7207433042113536,1764|3.6329399981767163,1765|3.5443300326346083,1767|2.8742981069606044,1768|3.4810348032237464,1769|3.083178646986487,1770|2.9438398531147683,1771|2.798574051388502,1772|2.332353930678132,1773|3.388811343896839,1774|3.4352134461226242,1776|3.4810348032237464,1777|3.0400024128717957,1779|2.3092278681838625,1780|3.2126752293968956,1781|3.4810348032237464,1782|3.3749755737205254,1783|2.7641497987445653,1784|3.5074257870244647,1785|3.3897376719103924,1787|3.5150315289797653,1788|3.2293575415452906,1789|3.4810348032237464,1791|2.5825164678606827,1792|2.9359942020035628,1793|2.69570627249351,1794|2.925821231282222,1795|3.5581137643375107,1796|3.5820208753210103,1797|3.5265516691065146,1798|2.218481267197189,1799|3.0850884684201043,1801|2.884060214480623,1804|3.2234247428737586,1805|3.10819195767459,1806|3.936840051498217,1807|3.221609897512943,1809|3.56779212148375,1810|3.3635985039469114,1811|3.456172964795899,1812|3.6376577785566715,1814|3.1817155093127854,1815|3.4810348032237464,1816|3.0789966869999312,1817|2.948415061326087,1819|3.4810348032237464,1820|3.2909071766567717,1821|2.7807565936772543,1822|2.6231093400367484,1824|3.1634676313877126,1825|2.9690952873327614,1826|2.556091381793133,1827|3.589809455622361,1829|3.1455028148757878,1830|3.4868563373334753,1831|2.2542660514801853,1832|3.0510132855935086,1833|2.8319118892082047,1834|3.7014673583111892,1835|2.5065140324056925,1836|3.4286016907042596,1837|2.765156797054993,1839|2.4101557616132494,1840|3.321869703442606,1841|2.573771243872083,1842|3.5443300326346083,1843|3.535270007779925,1844|3.708114674687545,1845|3.6738077487395806,1846|3.9345828131863376,1847|3.5950489422980985,1848|2.8902702445732222,1849|3.5613303784127943,1850|3.378006195779426,1851|3.3758994093937704,1852|3.5950489422980985,1853|2.4949174823403464,1854|2.5326836735484664,1855|1.9226591216902784,1856|3.5399820024676565,1857|2.7483825929131083,1858|2.9544665714044713,1859|3.2018301892528047,1860|4.228570243944212,1861|3.3106731391396513,1862|1.993354012657068,1863|1.9552096242380168,1864|2.664282358801249,1865|3.4914852528773905,1866|2.6320137572009283,1867|2.15545004122745,1868|3.543347419062262,1869|1.8326551808763498,1870|3.7187101371518976,1871|3.3939443820154156,1872|2.810778908517471,1873|2.8807558703584064,1874|3.216215935742947,1875|3.64746048775534,1876|2.778780111118418,1877|2.6127540145248034,1878|2.739269947255363,1879|4.3358601202188005,1880|3.193779067735009,1881|1.6694263698305227,1882|2.156207466647756,1883|3.466764170385963,1884|3.0556403796556144,1885|3.364338238272521,1886|2.899995181862142,1887|3.0529649510078984,1888|2.6677937906597067,1889|3.8669994585979053,1890|2.4922049437426574,1891|3.162302329404266,1892|3.047532829087238,1893|3.70295695661511,1894|2.435490357788293,1895|2.5254886101186838,1896|3.4407280716419564,1897|3.660572177280642,1898|3.046243653135366,1899|2.88672049311463,1900|3.735585070029082,1901|3.6074816728765358,1902|2.246220694235267,1903|3.224091151685921,1904|3.0686306825798466,1905|3.4810348032237464,1906|3.16015674923764,1907|3.4605013053814773,1908|3.024164864967549,1909|3.065684079991305,1910|3.2540085616857377,1911|2.305977803754759,1912|3.6975702495148566,1913|3.559877184228097,1914|3.42565909482365,1915|3.4810348032237464,1916|3.9114007094433054,1917|2.595981136676909,1918|2.331599672885229,1919|3.5962835189253517,1920|2.1555974158812603,1921|3.737472532361835,1922|3.2034459041286194,1923|3.345181610315344,1924|2.7570208195031745,1925|4.0650756840143725,1926|3.660212436100483,1927|4.117220296011602,1928|3.2798028966432557,1929|3.795493675745825,1930|2.7816922394595966,1931|4.142862137609014,1932|3.8567107227767776,1933|3.58706163890399,1934|3.9439150022295273,1935|3.8527180827935226,1936|3.781764126956422,1937|3.677410050042912,1938|4.154785922873387,1939|4.009829123344575,1940|3.8929793426182635,1941|3.516667109715037,1942|3.96060016894308,1943|2.869267885975619,1944|3.7712210932779584,1945|3.9659631846406906,1946|3.742512454516749,1947|3.7793684870185036,1948|3.5592437504947343,1949|3.8753320390536583,1950|4.167521941317909,1951|3.120235092814595,1952|4.158343196612515,1953|3.82886466174313,1954|3.242022605747062,1955|3.600341837245987,1956|3.699476013422096,1957|3.558970047958274,1958|3.385721343603013,1959|3.3002832400398026,1960|3.7906917984899153,1961|3.6671292612962567,1962|3.5604108635536664,1963|3.6267180350275483,1964|3.7944525788008865,1965|3.630735121981578,1966|3.8221841772341065,1967|3.381581640237463,1968|3.4312545087594604,1969|2.011131321329704,1970|2.748096084846884,1971|2.3690718346745903,1972|1.982673033832721,1973|1.9886711592929376,1974|2.906334107605642,1975|2.3155613343504564,1976|2.2727878734217333,1977|1.7417089211569954,1978|2.0273672808134915,1979|2.114599406423859,1980|2.227604310654372,1981|1.9111040434522668,1982|3.739775984794016,1983|2.278022184998502,1984|1.8537213445994742,1985|2.7616566133558687,1986|2.3604907804286483,1987|2.703978172804686,1988|2.107522448839772,1989|2.8069988825758685,1990|2.7436697329317927,1991|2.764415464111961,1992|1.9810848633973253,1993|1.9936915577732641,1994|3.5912349102832506,1995|2.112856604219576,1996|1.689747209108695,1997|3.6505527488482006,1998|1.8074549106091915,1999|2.4374460010120904,2000|2.998009100773139,2001|2.6487260633031373,2002|2.4467458663069626,2003|2.920911973226601,2004|2.4999234298371853,2005|3.0776894116547755,2006|2.9495192071516496,2007|2.546456741742301,2008|2.8577191149513865,2009|3.2460560442708717,2010|4.415473325346671,2011|2.7441176139410306,2012|2.6127912525976376,2013|3.193386869505729,2014|2.8518096053177295,2015|3.389472288270148,2016|2.965752991144422,2017|2.852558507064594,2018|3.7203728546152286,2019|4.2982061289229545,2020|3.844326180458352,2021|2.776669382553655,2022|3.9028883674079387,2023|3.1332097833431103,2024|3.5722796726411703,2025|3.2780801177952696,2026|2.6622984379860632,2027|2.606234591604009,2028|3.585078858499549,2029|3.2360094469092386,2030|3.4810348032237464,2031|3.26150418973538,2032|2.7889363770479916,2033|3.366911017435502,2034|2.5864661747440305,2035|2.9147581982132205,2036|2.105851464825765,2037|3.2525899180970455,2038|2.300519046976466,2039|2.7989952979967656,2040|2.8802628455170867,2041|2.728137320197465,2042|2.1526408182027246,2043|3.1303174323645044,2044|2.2923445238257627,2045|3.3438478992497958,2046|2.968727495766618,2047|2.7005406271421126,2048|3.502528944872994,2049|2.9182527290308533,2050|3.1407764551835227,2051|2.9443709389077464,2052|3.057547547133875,2053|2.708374890910214,2054|2.939412659293125,2055|2.8454033572946242,2056|3.1436053859749395,2057|3.292881675831206,2058|3.287243579903088,2059|2.881013864080588,2060|3.087513384919438,2061|3.1309868315128826,2062|2.920269773919757,2063|3.129451812230351,2064|3.596125715668662,2065|3.313652003883547,2066|3.7057964028213943,2067|3.5847307981083043,2068|3.476870742448404,2069|3.28701677730597,2070|3.560364527406345,2071|3.44636455456818,2072|2.8178627736298845,2073|3.165965496353561,2074|3.3869785606366536,2075|3.4623527055049332,2076|3.625625882269693,2077|3.2241237250639365,2078|3.4050639452493034,2079|3.190431762200112,2080|3.14974736456319,2081|3.2144308782276863,2082|2.899288493472486,2083|3.3354758752136533,2084|3.114244443715713,2085|3.111278846897366,2086|2.594852402454384,2087|3.25767952301456,2088|2.954895283545534,2089|3.1512586083491994,2090|3.283732198029315,2091|2.6914665159687012,2092|2.9002758750919293,2093|3.1813086317063526,2094|2.7634798913404284,2095|2.9524347984013968,2096|3.62745570071513,2097|3.3198418522308315,2098|2.85070940723607,2099|3.362606028054275,2100|3.138374107170755,2101|3.4898371059427324,2102|3.759166939877864,2103|2.7948195552906725,2104|3.428547835553549,2105|3.18480046654153,2106|2.6924013661373074,2107|2.7650159376090824,2108|3.410322973935089,2109|3.43160594705028,2110|3.4154491759698793,2111|3.2473163315349014,2112|3.379164345564457,2113|1.8949170082685396,2114|3.464748459828321,2115|3.113485625069731,2116|3.265759585733907,2117|3.733689701268661,2118|3.6914564752806687,2119|2.14166007014542,2120|2.721601455229245,2121|2.480949979925244,2122|2.120830920064928,2123|3.172254388324059,2124|2.7365820000127634,2125|3.172066102741526,2126|2.7360127237886456,2127|3.3758994093937704,2128|3.351443995431108,2129|3.556030322991729,2130|3.808938653837589,2131|3.814101217945721,2132|4.2463393612139875,2133|2.8713848117862675,2134|2.6892991204056713,2135|2.8135099390547875,2136|3.022081298897556,2137|3.6066887055388133,2138|3.729483785236356,2139|3.961055953298329,2140|3.7045905761079405,2141|3.0976953882268417,2142|2.866005626951905,2143|2.87726272601335,2144|3.0668096736080077,2145|2.960915572560246,2146|2.795627141909567,2147|2.0606527366143137,2148|2.6897809474279324,2149|1.932038530818215,2150|3.5880898043098868,2151|2.5705269334586585,2152|2.6921069463193392,2153|1.9480540566984024,2154|2.432712055200817,2155|3.2588219223750063,2156|3.202460084122582,2157|2.134864853626028,2158|3.204071518229095,2159|3.6696314081292476,2160|3.9981449870642667,2161|3.4576058418018407,2162|2.3048802744425894,2163|2.5685977617168367,2164|2.8287406729948827,2165|3.420628516740793,2166|3.3433556989569198,2167|2.9669783480724004,2168|3.1582303078397995,2169|2.1502264797647737,2170|2.6445835160035367,2171|3.319619875748006,2172|3.0376157471432603,2173|3.2210125387526385,2174|3.307848422839297,2175|3.207277384519677,2176|3.970497458921833,2177|3.382991445312182,2178|3.56194455912605,2179|2.929073260373486,2180|3.4427174843590427,2181|3.8021286195555026,2182|3.684511253810875,2183|3.9923097901455336,2184|3.8025781829747185,2185|3.866556901582088,2186|4.15185617956419,2187|3.8737724605283876,2188|2.8713430615807654,2189|3.552963246332889,2190|2.880323500856778,2191|3.2338622016257093,2192|4.048283213683661,2193|3.139820389895442,2194|3.5236886679683677,2195|2.692659088274585,2196|2.251751352936682,2197|3.041575081087455,2198|3.56198815365087,2199|3.2042166200456434,2200|3.096025159987593,2201|3.3125465641582084,2202|3.669765127810705,2203|4.513828193677512,2204|3.447912777494185,2205|3.3557238486897853,2206|4.211872359058585,2207|3.2610742815951603,2208|3.6824288469713755,2209|3.4109689899118214,2210|3.6466958664353966,2211|3.5518143350276854,2212|3.5862706431940046,2213|3.528468603169126,2214|3.1561188325011478,2215|3.4941382781347734,2216|3.4810348032237464,2217|3.528468603169126,2218|3.4810348032237464,2219|3.145926747033953,2220|3.4810348032237464,2221|3.450829621407691,2222|3.4868563373334753,2223|3.4868563373334753,2224|3.4810348032237464,2225|3.4810348032237464,2226|3.3028477622732115,2227|3.5584017032999498,2228|3.4810348032237464,2229|3.4810348032237464,2230|3.4868563373334753,2231|3.3508734414773675,2232|3.410173851886948,2233|3.4810348032237464,2234|2.9540111648159146,2235|3.543347419062262,2236|3.074981747170634,2237|3.5005638686248535,2238|3.3962214188360798,2239|4.159396438285993,2240|3.1068097090488056,2241|2.5693094181940035,2242|2.6808527532537134,2243|3.9623143033943737,2244|2.9157585174032414,2245|2.681204380827807,2246|2.8603470503734743,2247|3.2582978893034005,2248|3.681110223027916,2249|2.814435163212104,2250|3.29272945510545,2251|3.4868563373334753,2252|2.4798274054780984,2253|1.9063254153524678,2254|3.4810348032237464,2255|2.8659667382444,2256|2.862939696128278,2257|3.0053293565060777,2258|3.650039201540184,2259|1.9461812778694947,2260|1.9118796362338648,2261|3.0029614056830054,2262|2.6132109519744784,2263|3.603403846551093,2264|2.8100297716088436,2265|1.383735564045188,2266|3.3034256304579652,2267|3.568199327490802,2268|3.6317469246972918,2269|2.4001433865898205,2270|3.5150315289797653,2271|3.325462601218205,2272|3.734846175211888,2273|3.020261430054065,2274|3.4810348032237464,2275|3.2187286341326784,2276|3.486170555928126,2277|3.4810348032237464,2278|3.3858095257561036,2279|2.876511292034847,2280|3.217918140328572,2281|3.262278263257132,2282|2.611074343453122,2283|2.968795019183509,2284|3.512500909653088,2285|4.295326069513098,2286|1.4274029046530186,2287|3.2313577375209857,2288|3.4269053306269224,2289|3.8959632921534295,2290|2.831051810307996,2291|3.5436424586064463,2292|1.9626367418898412,2293|2.9456327654074674,2294|3.4527128511150886,2295|3.4062433147751934,2296|1.9970303447764592,2297|2.3365729865839766,2298|2.5862952130010033,2299|3.4868563373334753,2300|3.875736492296201,2301|3.336192306314852,2302|3.1220089271434794,2303|3.8347584365641545,2304|3.28954952375254,2305|2.4211356449937282,2306|1.9920560129341003,2307|1.6997432893432363,2308|3.754811412644295,2309|3.4810348032237464,2310|3.431370345164698,2311|3.223068867786917,2312|3.640161237623759,2313|4.054490097041542,2314|3.105977783242011,2315|2.332520149436724,2316|2.6130601498142205,2317|2.614422540024268,2318|3.6963310539186987,2319|3.4868563373334753,2320|3.0818986606574583,2321|3.4154504998886166,2322|2.223739600187432,2323|3.961078872332873,2324|3.864024399562325,2325|2.8786793740365724,2326|3.5950489422980985,2327|2.415976865870763,2328|2.614206885792532,2329|3.9324795987419083,2330|4.105322698338261,2331|3.306010978635994,2332|3.142178906360681,2333|3.653506691173407,2334|3.0861113968456952,2335|2.540642780200818,2336|3.8097597915529664,2337|3.408671422289107,2338|2.119380420773623,2339|2.1503320611908054,2340|3.01662125472241,2341|3.052706969599519,2342|3.4841914645061487,2343|3.4810348032237464,2344|3.4249867741564346,2345|3.056595315170895,2346|3.309326002914945,2347|3.692418786830342,2348|3.6932443288797323,2349|3.6210942229443783,2350|2.572924651480432,2351|4.289614025486461,2352|3.5376173378443214,2353|3.0791846219877965,2354|2.4331869128597523,2355|3.566608253167992,2356|3.0909477759980977,2357|4.045663843798373,2358|3.1743174820505073,2359|3.7084693623952907,2360|4.29591065451262,2361|3.3463078311647765,2362|3.2826250463362863,2363|3.077562583522252,2364|2.880287953752643,2365|1.6238470002081127,2366|3.6380512163456444,2367|2.539102662678496,2368|2.1058567683269565,2369|3.129521451226359,2370|2.9468802960662384,2371|3.069055916127389,2372|2.359523872235145,2373|2.3783803730087874,2374|2.5049103378931634,2375|2.5622215808572744,2376|3.068966145572584,2377|2.7047846725669453,2378|2.2780696342108193,2379|2.0391700400310793,2380|1.6298879782683868,2381|1.426236651860321,2382|1.4977898237326848,2383|1.4290189969849918,2384|3.2509196828378686,2385|2.7994164025847708,2386|1.9133640868066824,2387|2.7027601943637043,2388|3.2090362137962734,2389|3.0760710377460114,2390|3.5826065874257456,2391|3.7572858169926375,2392|1.7563304047922936,2393|2.6563009918554963,2394|3.448966015176112,2395|3.8028143543584267,2396|3.530336546395909,2397|3.4036616908868895,2398|3.8830530811434176,2399|2.3432540910543653,2400|2.9447427071642336,2401|3.4740215021811567,2402|2.6248251980241624,2403|3.317517150639863,2404|2.611601209246829,2405|2.8184857569959565,2406|3.0280444430952045,2407|3.1675397299430124,2408|2.9590123512822295,2409|3.0380884150335383,2410|2.939482705072539,2411|2.860362847451869,2412|2.8026145592134455,2413|3.2581044519612417,2414|3.0075018717190494,2415|2.9212716703357593,2416|3.064459974074337,2417|2.93446481337553,2418|3.1702882560193286,2419|3.074716173157757,2420|2.8196513735755033,2421|2.8822374571910485,2422|2.731234469622658,2423|3.1598000008769507,2424|3.0053029645702907,2425|3.372376867633637,2426|3.0906767270803046,2427|3.3506586335418334,2428|2.846236145569319,2429|2.663969071177635,2430|3.3369222069038997,2431|3.093110100062393,2432|3.0014578072290616,2433|2.666018608926537,2434|3.030273361195598,2435|3.210327265776211,2436|1.8414331897229157,2437|3.4107267448332452,2438|3.5950489422980985,2439|3.7575396765821463,2440|3.2275009113206967,2441|3.4951608748364005,2442|3.750338486369457,2443|3.228474886091526,2444|3.1685304890302906,2445|2.8717806444945664,2446|2.9549289189764076,2447|2.6102782442225676,2448|2.4672310338118715,2449|1.454317026766437,2450|1.8994660198687774,2451|2.1031124493014373,2452|2.696252686619784,2453|2.988803683670267,2454|3.2948332612978835,2455|3.413684176421139,2456|2.1844512317567846,2457|2.588923758534056,2458|2.6546024329435767,2459|3.1968347420878516,2460|2.0632035169260643,2461|2.0971511307801336,2462|1.6538592176306173,2463|3.093689613914823,2464|2.8584504051072592,2465|2.6944713654713475,2466|3.217261616262716,2467|3.5662771917004297,2468|2.8539542696384568,2469|3.0088920466764124,2470|2.6928463868140944,2471|2.1105255668546206,2472|2.344521588355244,2473|1.9278387877341958,2474|3.1227099618083054,2475|2.9146362579596214,2476|2.7395254231729504,2477|3.5613303784127943,2478|2.4140999704503994,2479|2.1925692554578142,2480|3.4810348032237464,2481|3.848965355290172,2482|2.9333691006635316,2483|3.386573529789981,2484|3.4868563373334753,2485|2.6022135764832246,2486|1.8654645312900744,2487|1.428551533081134,2488|4.266655814238802,2489|3.4810348032237464,2490|3.197077899645513,2491|2.4162694804465854,2492|3.255651007685374,2493|3.9736473533466805,2494|4.13924749250392,2495|4.274691126631561,2496|2.6180677095363425,2497|2.4565460772667134,2498|1.6871972633433918,2499|3.6736472194208325,2500|2.876421554723418,2501|3.471003010855518,2502|3.6310067905772576,2503|3.6135967327784995,2504|2.994649348100083,2505|3.016409197366791,2506|2.714499410890512,2507|2.2927044980468945,2508|3.4810348032237464,2509|2.941785619287053,2510|2.9413111331382673,2511|3.8909419394671927,2512|3.5039733452927386,2513|2.576204793850387,2514|1.9303296559278174,2515|1.8858787845825558,2516|1.5592240567626465,2517|2.9259876691640656,2518|3.163948211879377,2519|3.189429593760833,2520|2.659650808245943,2521|2.56079718257251,2522|1.9616917921074433,2523|2.387697207834431,2524|2.5584659344669354,2525|2.5684012355629324,2526|2.1578031047352764,2527|3.113055912197587,2528|3.012002482163195,2529|3.7121464529839354,2530|2.975519695350314,2531|2.6399599892605643,2532|2.7915597539774604,2533|2.975418310271493,2534|2.061188708621366,2535|2.5580313495440166,2536|1.72581397009797,2537|1.8702684778595056,2538|3.5150315289797653,2539|2.8577235744889653,2540|3.1315084851118917,2541|3.1229969247359985,2542|3.46078604266484,2543|3.0655114350615307,2544|3.0699291474842556,2545|3.2726992722856263,2546|2.632497035374676,2547|3.4810348032237464,2548|2.4026311729449796,2549|1.9826359446750952,2550|3.79883070760147,2551|3.3465808197519458,2552|1.9584877918897414,2553|3.619556828194338,2554|2.9099460372520247,2555|1.2787468538192863,2556|3.3055648269251803,2557|3.446255251602338,2558|2.3408103869804187,2559|3.2416180099922345,2560|3.074562173190534,2561|2.8957499176113037,2562|3.172144778640779,2563|3.2302128965701904,2564|3.4810348032237464,2565|3.679520180432399,2566|2.7311936543866366,2567|2.608112772559708,2568|2.058364824967058,2569|3.0183278463959358,2570|3.188538056779989,2571|3.8036093092163865,2572|2.959935929038965,2573|3.4810348032237464,2574|2.2370940849835317,2575|3.879463475572094,2576|3.4810348032237464,2577|3.461449735521403,2578|2.798086814221588,2579|3.816963583464439,2580|3.6542570972006296,2581|2.8455954361335127,2582|2.6145847755118035,2583|3.237500270664058,2584|3.4868563373334753,2585|3.363161578164092,2586|2.5023803284329107,2587|2.983181711985435,2588|3.4810348032237464,2589|2.249583085494124,2590|3.08179971388603,2591|3.3749755737205254,2592|3.4810348032237464,2593|3.2098698910807193,2594|3.810068183083205,2595|3.5150315289797653,2596|3.524127478370835,2597|1.870982331012071,2598|2.770714483512199,2599|3.5300887171605835,2600|3.0985125506080298,2601|3.4868563373334753,2602|1.9298004299399953,2603|3.4810348032237464,2604|3.5150315289797653,2605|2.766800532028224,2606|2.3834049682451655,2607|4.114134714623738,2608|3.3035092210753056,2609|3.959253037000393,2610|3.616863086941523,2611|3.491533570710377,2612|3.916355160516682,2613|3.0808286044925284,2614|2.4023543952320923,2615|2.501797357322186,2616|2.9003118925071423,2617|2.9096950056934068,2618|3.014076555129372,2619|3.4810348032237464,2620|3.533947881506738,2621|3.7326150579106008,2622|2.931717255799162,2623|3.4868563373334753,2624|3.4742005503313518,2625|2.7666608981614607,2626|2.7214849007124347,2627|3.551558305130407,2628|2.720630994138446,2629|2.2269448413239448,2630|3.5544141152403403,2631|3.599035215621518,2632|3.1531905696443356,2633|3.3043573594628355,2634|3.0752757334440632,2635|2.8514784116564034,2636|3.1103564504689114,2637|2.5459682489840123,2638|2.577047418735022,2639|3.0169732765928803,2640|2.9417109874505436,2641|2.646530116378145,2642|2.0502609000776935,2643|1.477733937960445,2644|3.915544000147693,2645|3.7041123046893754,2646|2.9335918184161525,2647|3.178994971963016,2648|4.170689990722977,2649|2.957446255884361,2650|2.6435686507285916,2651|3.022900768583381,2652|2.1028075648727786,2653|3.3424521004286203,2654|3.521155024313721,2655|1.2987750258414839,2656|2.6647627200126305,2657|3.3856086031931927,2658|3.52438852014496,2659|2.6569887408425474,2660|3.4257341193382187,2661|2.6289922685033935,2662|3.7331321234356,2663|2.544767372383471,2664|3.8410694395260307,2665|2.1535006173216584,2666|2.76531859420911,2667|2.3290431057954732,2668|2.37216148177238,2669|3.2389317813285263,2670|3.539598490131029,2671|3.178449864948953,2672|2.744388806511618,2673|3.2983603732008295,2674|2.45528316444332,2675|3.287083824811429,2676|2.802280145285648,2677|3.7682278244882177,2678|3.536947069736856,2679|2.8251616860522124,2680|3.4810348032237464,2681|2.569983337833132,2682|3.7800160821287836,2683|2.9484732154973647,2684|3.4352134461226242,2685|3.2300794508982684,2686|3.650160242146722,2687|3.2278635689318635,2688|2.6529792292428924,2689|3.1380231860596526,2690|3.354757863592239,2691|3.228214698563665,2692|4.162849346663538,2693|3.7688368855782843,2694|2.603291233616009,2695|3.141219357323113,2696|3.666061963023263,2697|3.2425678251433983,2698|3.52438852014496,2699|2.898103282164114,2700|3.8122331348814464,2701|1.6927626390203017,2702|3.0832843079428285,2703|3.4810348032237464,2704|3.6983889172939888,2705|2.994411310937074,2706|3.014252733391161,2707|3.0888463535582185,2708|3.397297868545893,2709|2.8794946736614273,2710|3.220204199982012,2711|3.4810348032237464,2712|3.1308514087926254,2713|2.3738680643072834,2714|2.7606848049450345,2715|2.17704368240792,2716|3.4667930861351137,2717|2.266308076273963,2718|2.51969272521287,2719|2.2428644730294423,2720|1.57263209567776,2721|3.453456653974981,2722|2.650687045448599,2723|2.9257900734178413,2724|2.5065979518329056,2725|3.5710380489963174,2726|4.270410326104164,2727|3.3373184408736654,2728|3.453452800932064,2729|3.755338472401201,2730|3.8491809705711053,2731|4.420259285866962,2732|4.293268381261395,2733|2.1914647988957183,2734|2.9470866101594186,2735|2.449451484758413,2736|3.4219851680209388,2737|2.3528356809552045,2738|2.7227371835139778,2739|3.3736409023260094,2740|2.8344336963766446,2741|2.6816431825706033,2742|3.4352134461226242,2743|2.884200120819666,2744|3.5767990987794764,2745|3.812348045320987,2746|3.4366261572871704,2747|3.3577902866238376,2748|1.8346895822808376,2749|3.1935210860444823,2750|3.4807190231954883,2751|2.25668851767737,2752|2.37310382579671,2753|3.2087917897556997,2754|2.0387786458991775,2755|2.1158771573199546,2756|3.12680732765012,2757|4.01434585981764,2758|3.403755524057598,2759|3.0884990150410205,2760|3.1387050319928904,2761|3.8187883245565506,2762|3.8916708943305407,2763|3.198219171732765,2764|3.4369817193217607,2765|3.4020756171079882,2766|3.0461817679681777,2767|3.044457210442695,2768|3.4952688630478455,2769|3.3874532438574434,2770|3.0126096201554997,2771|2.820702044952668,2772|2.753784111128911,2773|3.9622534372593585,2774|3.0363258846264376,2775|2.9374594899665967,2776|3.6467357585398843,2777|2.623407601685461,2778|1.8767034642278626,2779|3.2977115269878636,2780|3.039991429435239,2781|3.3448684277965475,2782|3.6625954057933425,2783|3.327698492780126,2784|3.6102798079870757,2785|3.371588994927789,2786|1.8919809365608113,2787|2.572287639568726,2788|3.5586012225758106,2789|3.0431899401356612,2790|2.016976087781063,2791|3.780213430013155,2792|2.6207708942376904,2793|2.3047150682716113,2794|2.058507517139379,2795|3.4840378497709477,2796|2.4496368308988186,2797|3.1847447890884384,2798|1.7078423984328657,2799|1.557920558514898,2800|3.4127832876132356,2801|3.5028465091264644,2802|2.85287875693167,2803|3.028072392415425,2804|4.079453790920839,2805|2.2219567452408393,2806|2.3897960626898644,2807|1.591095432601735,2808|2.449959218442393,2809|2.7047552607906162,2810|3.3801771844274446,2811|3.4868563373334753,2812|2.3808340342464476,2813|3.0745976999818296,2814|3.19564780435173,2815|2.064238528081186,2816|1.7001050438066563,2817|1.5670868512628289,2818|1.883084883970318,2819|3.816453774904004,2820|3.0773499825139776,2821|3.505317274151359,2822|2.50892044710001,2823|3.5820208753210103,2824|3.1422730870051963,2825|3.062245607217596,2826|2.7450893268902123,2827|2.274084831827016,2828|2.04171878344037,2829|2.905144364552572,2830|4.100122696324857,2831|2.796043085850928,2832|3.4810348032237464,2833|3.1403022893552563,2834|3.26022030884637,2835|2.4527896230875346,2836|2.6542547019584135,2837|3.358270349295902,2838|3.4868563373334753,2839|3.920860113401612,2840|2.739112621945826,2841|3.318736780544727,2842|3.1305670615229495,2843|3.6225020878304877,2844|3.3172521451141557,2845|3.4810348032237464,2846|3.056386392773792,2847|3.681769684044615,2848|3.8572455119093054,2849|2.4497227006911673,2850|2.332400792163643,2851|2.31818175637116,2852|3.646254527920626,2853|2.8046662158241253,2854|2.6855400884602165,2855|2.406587119419103,2856|2.5853729850794953,2857|4.012918834328325,2858|4.085697654658064,2859|4.12953506052233,2860|2.7120024832499543,2861|2.028649275691242,2862|1.974769359375661,2863|4.122915766966029,2864|2.822473624752467,2865|3.136161747667522,2866|3.5542327596333525,2867|2.9385355715886785,2868|2.1949809325511462,2869|3.3999834989031004,2870|2.9982429552743626,2871|3.8296265012426725,2872|3.1434435999212784,2873|2.911005518904153,2874|3.385008112301497,2875|2.8092987082389076,2876|2.466412464693823,2877|3.1567911510863835,2878|2.464179132304533,2879|3.0080566783693117,2880|2.8689375479243084,2881|2.7052090045314823,2882|2.3236190684637075,2883|3.486834067088447,2884|3.3749755737205254,2885|3.395356015211958,2886|4.017549668370389,2887|2.4039399074858467,2888|2.778831182675809,2889|2.9953123187057553,2890|3.42959633518468,2891|3.074807921107646,2892|3.125478279666685,2893|1.8908758935310572,2894|2.498663146605032,2895|3.5613303784127943,2896|3.3050332408622927,2897|3.230953891660856,2898|2.6841340573046963,2899|3.31177041253803,2900|2.6398509637269654,2901|2.989235787816839,2902|2.54250632614592,2903|1.9794927795424706,2904|3.8383505726225797,2905|4.09874468543023,2906|2.2350195907548613,2907|2.0334278817101756,2908|3.80802890147529,2909|3.5150315289797653,2910|3.2855483300273978,2911|3.3496620955486005,2912|3.7131571729652437,2913|2.722686513001551,2914|2.7316218999694604,2915|3.123356892982883,2916|3.307503324742015,2917|3.7155009819740408,2918|3.519862042349716,2919|3.5853782406602397,2920|4.100085686424112,2921|3.43078829167727,2922|3.4493751388931013,2923|2.867694063173532,2924|3.43638392101433,2925|3.872455132114644,2926|3.3864804851380432,2927|3.6932478017421406,2928|3.3123066667373484,2929|3.657361194586252,2930|3.4770602693404546,2931|3.599588684803605,2932|4.181872818691279,2933|3.871771655745863,2934|3.571033394116677,2935|3.6643099827331276,2936|3.9108486404103555,2937|3.652879275464671,2938|4.132052065120571,2939|3.8476477422258393,2940|3.879971410970385,2941|3.037240526807771,2942|2.5382038172026853,2943|3.439105723690429,2944|3.471876133828009,2945|2.647435690286703,2946|3.7311954324418446,2947|3.6094070623003196,2948|3.47076589555192,2949|3.5021385077122105,2950|1.6973176516961352,2951|3.79117419403978,2952|3.7964970574067634,2953|2.4472157228986715,2954|3.4810348032237464,2955|3.4810348032237464,2956|3.1066815294703534,2957|3.4810348032237464,2958|3.4810348032237464,2959|3.963573752925461,2960|3.2259072023421522,2961|2.458659137646803,2962|3.3509791439578667,2963|3.8955368427393164,2964|3.7357570027942733,2965|2.2375782860175804,2966|3.7455702238130844,2967|3.863972679848212,2968|3.427329962169356,2969|4.377901793354633,2970|3.7227548172056286,2971|3.864487069730513,2972|4.298495554328118,2973|4.090640229489431,2974|1.6092651041755053,2975|2.8988943060450554,2976|3.4601710129739303,2977|2.9812912833521574,2978|2.088850825492084,2979|2.0276206387381532,2980|3.4810348032237464,2981|3.9100592335385955,2982|1.6376264484726104,2983|4.234437277952974,2984|3.516909706857908,2985|3.2899632532011696,2986|2.223370007044716,2987|3.6483805239421816,2988|3.427138474985701,2989|3.1980108385194916,2990|3.056410123025427,2991|3.154345899339271,2992|2.6442244704189846,2993|3.095948582157467,2994|3.4176311763828324,2995|2.2759033752325624,2996|3.218549077866532,2997|4.057464579316688,2998|3.181756532233086,2999|3.3037448633396735,3000|3.7196384226238415,3001|2.8803204246464795,3002|3.638384579196487,3003|3.090888035421906,3004|2.7381428771475953,3005|3.248756855317998,3006|3.5138718243963947,3007|3.541696102859234,3008|3.593725418964926,3009|3.4810348032237464,3010|3.38374099233843,3011|3.6441300973746653,3012|3.3764063032399214,3013|2.864079210557054,3014|2.892751544345945,3015|3.3089136606203846,3016|3.0691364147917284,3017|2.7381264863780483,3018|3.1447657187782685,3019|3.5338235432294622,3020|3.4180244833299187,3021|3.1190626789496703,3022|3.5088166262559723,3023|3.3749755737205254,3024|2.8363438803266794,3025|3.1690089740159535,3026|2.8576400571544713,3027|2.62268927368065,3028|3.318304110042213,3029|3.168506739734485,3030|3.294069124134922,3031|2.7658257693358195,3032|3.094883808977503,3033|3.170078785908662,3034|3.3722178701632615,3035|3.0749033878265006,3036|3.154640691339589,3037|3.335447986505348,3038|3.67310853555471,3039|3.2420855148390078,3040|3.1367629238075683,3041|2.481629320580462,3042|2.567119463222758,3043|2.6366366721796792,3044|3.5523395086388527,3045|3.1907858708660406,3046|3.119011229179769,3047|3.283617320144032,3048|2.822286988594686,3049|3.045271902720887,3050|3.079297544302806,3051|3.0158550764116216,3052|3.354289479672015,3053|3.0122051349291534,3054|2.786559153913869,3055|3.56684951556459,3056|3.2674628884085086,3057|3.5345267673719403,3058|3.2105108529723783,3059|3.4810348032237464,3060|3.463415110646176,3061|3.522075300004512,3062|3.164568333142375,3063|2.9778036659269156,3064|2.5287482751788852,3065|3.4810348032237464,3066|3.1725448662914273,3067|3.4097842372383993,3068|3.4894137384677,3069|3.3239794328182395,3070|3.3461068539853613,3071|3.2713175749147743,3072|3.2950886736800755,3073|3.189311813527427,3074|3.2530629345878888,3075|3.509513955783104,3076|3.3488395168708647,3077|3.6655457443655344,3078|3.399331999758604,3079|3.2745335498673698,3080|3.5186226608251134,3081|2.8455012142004295,3082|3.1004176324089627,3083|3.5272191378736393,3084|3.5150315289797653,3085|3.7041123046893754,3086|3.1752487348505243,3087|3.197159228758188,3088|3.5112458640620527,3089|4.269614811427077,3090|3.8156492157390205,3091|3.8464471233990856,3092|3.8226083276656295,3093|4.355738391115835,3094|3.660976028725428,3095|4.23240890110485,3096|3.686014651532691,3097|3.819805273231154,3098|3.408260593124486,3099|3.1358044624832866,3100|3.5342163042754082,3101|3.377769404114832,3102|3.3144527333123213,3103|3.223568313153586,3104|3.7433521129230947,3105|3.6619370377388685,3106|2.7090070919069182,3107|2.850286291088424,3108|3.4615150628490463,3109|2.679586038577738,3110|3.222449265161731,3111|3.3732962253555296,3112|2.813934009684724,3113|2.119785105124472,3114|3.8941812448234128,3115|3.2655194943975245,3116|3.4810348032237464,3117|2.9742780088804706,3118|3.5327806100730674,3119|3.1167463993534574,3120|2.7083381403034665,3121|3.4973783127170988,3122|2.897350670155755,3123|3.4868563373334753,3124|2.5465101763113642,3125|3.786496219029675,3126|3.3334593326578905,3127|3.079605585829799,3128|3.4810348032237464,3129|3.7101786784425625,3130|2.009828405578269,3131|3.4868563373334753,3132|3.216466832893426,3133|4.172031780101879,3134|4.178867583314233,3135|3.885401804650289,3136|3.5150315289797653,3137|2.968193012830789,3138|2.6596665498340464,3139|3.3487306965878276,3140|3.397098120825948,3141|2.9605739148804506,3142|3.3475794635748684,3143|3.2989588993206995,3144|2.4281929100440443,3145|3.114228282475518,3146|2.4821181093236535,3147|3.7647520105801524,3148|3.52617549963834,3149|1.7414711776375174,3150|3.6436742177274573,3151|3.5447400095271515,3152|4.021270287601428,3153|3.220786650143564,3154|3.543347419062262,3155|2.994174450941691,3156|2.5771150651894876,3157|3.1722239396494407,3158|3.4889815015558456,3159|3.5245203749592147,3160|3.9076992775572617,3161|3.656893047713108,3162|2.294180206991278,3163|3.674844569320657,3164|3.4810348032237464,3165|2.3871790951639076,3166|2.675090541231615,3167|3.8503637968739226,3168|3.743886295739256,3169|3.647680872711937,3170|3.459090808379504,3171|4.123329232834906,3172|2.949073688658131,3173|2.6616053077691717,3174|3.2553667545319036,3175|3.2609348332137578,3176|3.6165726028896623,3177|1.910567176517624,3178|3.3310246620681525,3179|3.222259236292646,3180|1.749361090013449,3181|3.8278697743247783,3182|3.965959281938444,3183|3.4592541679577495,3184|3.5799929635935515,3185|3.324239763628773,3186|3.1162412866421345,3187|3.4810348032237464,3188|3.5150315289797653,3189|3.3443863545466286,3190|1.8343356849780705,3191|3.4810348032237464,3192|3.9436820242398154,3193|3.5150315289797653,3194|2.9144657034312074,3195|3.4810348032237464,3196|3.8639299140252774,3197|2.6863304663507144,3198|3.5781687583449724,3199|3.1228358477146165,3200|3.5331634235219718,3201|3.954935956158276,3202|3.3996926513195946,3203|3.577601764835501,3204|3.4993327541242376,3205|3.3469678816132937,3206|2.7131764333097887,3207|3.3122112067270297,3208|2.3927303956721593,3209|3.4810348032237464,3210|3.305299009400404,3211|3.447049486198676,3212|3.4810348032237464,3213|3.4523155643107404,3214|3.240539445322858,3215|3.3915603320564474,3216|3.3498048091871944,3217|4.327084698146242,3218|2.9496854741632053,3219|3.1278376046979455,3220|3.4810348032237464,3221|3.0998647953417704,3222|3.751314163262903,3223|2.6302077327331617,3224|3.879736461304613,3225|1.595296581955277,3226|3.5150315289797653,3227|3.560513490105585,3228|3.4868563373334753,3229|3.5443300326346083,3230|3.1756641556578944,3231|3.4868563373334753,3232|3.5265524590567905,3233|3.4868563373334753,3234|3.4868563373334753,3235|2.541626519965371,3236|3.459090808379504,3237|3.5150315289797653,3238|2.2710816436017796,3239|2.068753466943911,3240|2.669093014291521,3241|4.205363015345154,3242|3.2823726046663158,3243|1.9462185135254997,3244|3.238061789961418,3245|3.4755712415863727,3246|3.862380341712943,3247|2.5872417570812907,3248|2.2119523380204322,3249|2.9086463438504015,3250|3.230691692463948,3251|3.0051128286744984,3252|3.68536319435196,3253|3.250240625634065,3254|2.7679677968433687,3255|3.081754461006689,3256|3.2464952364367594,3257|2.5039895946805837,3258|2.3826384814186756,3259|2.6582466744367528,3260|3.601383584197292,3261|3.0797052479033455,3262|2.9077021261162703,3263|2.968828107576992,3264|2.655922313393086,3265|4.099754535230876,3266|3.4765458463376717,3267|3.622852189128433,3268|1.7308768495658127,3269|2.771439499614858,3270|2.716788760793173,3271|3.7319264172676823,3272|3.2896371418474604,3273|2.395813709919647,3274|3.0864435580459815,3275|2.983333941663627,3276|1.9009922196543307,3277|3.4810348032237464,3278|3.5150315289797653,3279|3.6569270091606247,3280|3.7041123046893754,3281|3.4908255614609596,3282|3.2878633850724013,3283|3.3389770853326084,3284|3.204447373954968,3285|2.418843203151763,3286|2.054990519552981,3287|2.650609848852484,3288|3.4810348032237464,3289|3.538178208582371,3290|3.4868563373334753,3291|3.6684623638418223,3292|3.8569709048960252,3293|3.5186226608251134,3294|3.7041123046893754,3295|3.338119118698258,3296|3.5923580663272876,3297|3.5150315289797653,3298|3.207792890552991,3299|1.7940618041688068,3300|2.7491511193924056,3301|2.6916983796428315,3302|3.7397519606034733,3303|3.46206062782165,3304|3.4054513937734994,3305|3.653439807036488,3306|4.213843032033196,3307|4.323719255436182,3308|3.068134770673099,3309|3.816195291562792,3310|4.350520760188241,3311|3.911828922534624,3312|3.4810348032237464,3313|2.6570109145271674,3314|3.5820208753210103,3315|3.571033394116677,3316|2.3622588334406065,3317|3.6456591192171626,3318|3.3659777995750604,3319|2.8032740219011276,3320|3.4608089040570977,3321|3.4868563373334753,3322|2.750130625315898,3323|2.887063180640924,3324|2.512578564197683,3325|2.069723432235991,3326|2.251271020137984,3327|3.739288076938271,3328|3.492394336153648,3329|4.448628124228909,3330|3.565554352691055,3331|1.8127061705647736,3332|3.6437982502080577,3333|3.5810942933977783,3334|4.305204446995734,3335|2.031735232758301,3336|3.4810348032237464,3337|3.4352134461226242,3338|4.394370366491821,3339|3.2004157289643023,3340|2.9351598229751596,3341|3.9904576769692426,3342|3.943541777492105,3343|2.4293543204244914,3344|2.8487425793320442,3345|2.825753344786869,3346|3.7041123046893754,3347|3.3466807223382578,3348|3.7287020407712212,3349|3.7861004160563967,3350|3.9782043625314483,3351|2.9810569346588585,3352|3.4810348032237464,3353|3.3749755737205254,3354|2.227617704905283,3355|2.920400296944297,3356|3.5150315289797653,3357|3.455441437562391,3358|3.758241562468797,3359|3.825776339589235,3360|3.253937218225765,3361|3.521279108967455,3362|3.9937933857070647,3363|3.6742995350507375,3364|4.166168429482659,3365|3.9633466700412985,3366|3.667064918318677,3367|2.7201004934042037,3368|3.85476821657266,3369|3.6553268928114613,3370|4.018570735738669,3371|3.545694838427174,3372|2.7927937174925095,3373|3.459090808379504,3374|2.665601757684434,3375|3.342439114919248,3376|3.462319546070452,3377|3.543347419062262,3378|3.314840990519097,3379|3.8070433054399606,3380|3.5360430775143863,3381|3.4352134461226242,3382|3.4810348032237464,3383|3.5504998017210605,3384|3.6069735662504656,3385|2.508241252212998,3386|3.7964700968410208,3387|2.6171660051714385,3388|2.038465303459967,3389|2.486033806268516,3390|1.720734612557648,3391|2.4062410184458276,3392|1.8039662438966404,3393|1.6805673665195435,3394|2.2061140831680506,3395|2.2204303346142034,3396|3.7081959175071875,3397|3.3182181622871822,3398|3.7026276643229568,3399|3.0354633411422824,3400|2.8280833773781793,3401|1.8870790095429617,3402|3.6313053222124543,3403|2.1391225630236437,3404|2.9360597415150558,3405|3.349962193823428,3406|3.4276099136128204,3407|3.4352134461226242,3408|3.586242353437238,3409|2.8026789265398366,3410|3.9306671728499376,3411|3.4810348032237464,3412|2.9832678752001396,3413|3.5443300326346083,3414|3.2599189370810473,3415|3.3711335929130737,3416|3.4810348032237464,3417|3.4721207439348922,3418|3.5503824973741054,3419|3.4600385215478253,3420|3.347863307922248,3421|3.6749872117444773,3422|3.7722086976201616,3423|2.9891029343382343,3424|3.9485378050770787,3425|3.350826310755145,3426|2.8641742854492565,3427|3.4204067623394003,3428|2.0571154714741695,3429|4.084340235009076,3430|3.0018878728178793,3431|2.008978190601703,3432|2.0018179893142327,3433|2.511559548915156,3434|2.475650505503104,3435|4.373211737679286,3436|2.670517623739685,3437|2.766417453194526,3438|2.6844212980997773,3439|2.0649795025240207,3440|1.8546481441662732,3441|2.8178221182654384,3442|2.9511840944368455,3443|2.9357088970874026,3444|2.5583937898508102,3445|3.123044196105586,3446|3.262401589887328,3447|3.12470210657505,3448|3.127607477091945,3449|3.1269155627682474,3450|2.8333623950561675,3451|4.087638192826734,3452|2.3462973167762797,3453|2.0048946349550407,3454|2.2438095840050067,3455|3.5950489422980985,3456|3.9281050841494505,3457|3.365885226556746,3458|3.3758994093937704,3459|3.193280032903167,3460|3.4868563373334753,3461|3.4566709034345315,3462|4.306554465696776,3463|2.718397747416401,3464|1.7939906104219414,3465|3.1755308308417947,3466|3.0992091603739356,3467|3.929729078506384,3468|4.2126453559245665,3469|3.668084314168195,3470|4.119268637243738,3471|3.7319814272106515,3472|3.348981494539362,3473|3.79337146787942,3474|2.874610025430978,3475|4.170145791789933,3476|3.7063155379249553,3477|2.82406129799432,3478|3.010617069340487,3479|3.4022206070847147,3480|3.1770214158654797,3481|3.726565895184031,3482|3.4810348032237464,3483|2.8050116022828853,3484|2.359063018866631,3485|3.7041123046893754,3486|2.9424299609498563,3487|3.0677370998274416,3488|1.651785699208367,3489|2.5729395076862644,3490|3.501792147396721,3491|2.6589511902005913,3492|3.6538869999387136,3493|3.7041123046893754,3494|3.564140853678028,3495|3.806626544274616,3496|3.3178421791879846,3497|2.7010592103158535,3498|3.7454920367970947,3499|3.5275098250978982,3500|2.7211863446044133,3501|2.978977133493177,3502|3.414100013355938,3503|3.5549312780475235,3504|4.2388400283896175,3505|3.41001026184058,3506|3.268352437349072,3507|3.7997483220164474,3508|3.4231279001364308,3509|2.774955823494044,3510|3.135856457214314,3511|2.2506113906246963,3512|3.0033940525301324,3513|2.9385508605006883,3514|3.2598174932876196,3515|3.078850355275661,3516|3.537740716114585,3517|3.5443300326346083,3518|2.626815329150719,3519|2.3388945242764105,3520|1.8640436080769347,3521|3.7413532276526658,3522|3.4810348032237464,3523|3.166259650441237,3524|2.9910488629800236,3525|2.6526573020807858,3526|3.291252542778352,3527|3.080441328485442,3528|2.523459905219376,3529|3.1521714373420178,3530|3.4868563373334753,3531|3.0972424251527526,3532|3.4868563373334753,3533|3.458326603920409,3534|2.7056204188789628,3535|3.3775415927240156,3536|3.215987949534167,3537|2.690661622803182,3538|3.427923893668191,3539|4.004820129010824,3540|2.043299612520598,3541|3.650039201540184,3542|3.4810348032237464,3543|3.53745297171022,3544|2.8783583804413,3545|3.5425257149135554,3546|4.106311159258429,3547|3.6984434588480797,3548|3.726461247231539,3549|3.6796131329207102,3550|3.4309382593215583,3551|3.894345480712614,3552|3.2380675071153835,3553|2.5998421082183616,3554|2.601452710840565,3555|3.1318958567790256,3556|3.54624301790757,3557|3.1309047869763447,3558|3.4810348032237464,3559|3.7527764378649735,3560|3.4810348032237464,3561|3.4810348032237464,3562|2.8505355332975637,3563|2.191151266182532,3564|1.866268868201375,3565|2.685621477753455,3566|3.406606739465852,3567|3.167830326235681,3568|2.8871230765891482,3569|3.9101497346427996,3570|3.4810348032237464,3571|3.137168710066393,3572|1.9098772042579821,3573|2.0078547407059215,3574|1.4877555426025744,3575|3.4810348032237464,3576|3.484189579472154,3577|1.8031413017723155,3578|3.327540976228649,3579|3.4810348032237464,3580|3.0735828547773534,3581|3.0301822285073294,3582|3.4810348032237464,3583|3.4810348032237464,3584|2.992490715886058,3585|3.3706354167617976,3586|3.49600999902043,3587|2.380402346736334,3588|3.3171614445465822,3589|3.7041123046893754,3590|2.8618066680352845,3591|2.8169681700188023,3592|3.3080420153163574,3593|1.2495459417704224,3594|2.9273533414741153,3595|2.9362999016717657,3596|2.3854429353941966,3597|1.928324082558288,3598|3.3566062772264207,3599|3.7295941980453877,3600|2.1628262565427665,3601|3.3198121125943976,3602|1.9722997471145158,3603|3.4868563373334753,3604|3.1626104808838047,3605|2.221241047360254,3606|3.554445147564925,3607|3.251543943525649,3608|3.407975734448196,3609|3.5429292392017935,3610|1.7536755925692078,3611|3.5344881271673794,3612|3.36488036526341,3613|3.3229818306012353,3614|2.9269231977112273,3615|2.682191412752309,3616|2.1341569162696654,3617|2.588443252596178,3618|3.120549990889222,3619|2.541173222903402,3620|3.0872722117970373,3621|3.3635954425463863,3622|3.7419211539059027,3623|2.616398348864064,3624|3.2688194098022514,3625|3.5275458861438205,3626|3.1259007132237464,3627|3.429478314801866,3628|3.3681981135923564,3629|4.095917930965335,3630|3.7041123046893754,3631|3.4868563373334753,3632|4.018064314231964,3633|3.1365586530280543,3634|4.149938712042773,3635|3.2800786987880763,3636|3.1035788819755687,3637|3.9335021245329265,3638|2.6390000818023287,3639|3.21759094027303,3640|3.0786614418341003,3641|3.645191955864616,3642|3.459090808379504,3643|2.9924273900507745,3644|3.1514815837267363,3645|4.114609166835402,3646|2.1262786886907374,3647|3.4810348032237464,3648|3.04528545796987,3649|2.7717044680560905,3650|3.7041123046893754,3651|3.7041123046893754,3652|3.118621180666649,3653|3.795862222913025,3654|3.367677542336253,3655|3.7273177726360176,3656|3.6553268928114613,3657|3.4810348032237464,3658|3.3810392815702155,3659|2.970903592861922,3660|2.6164745975365093,3661|2.5805991205732015,3662|2.048007623976244,3663|1.898359856567076,3664|1.8308969977574636,3665|1.7256254640287874,3666|2.84793529523111,3667|2.3026132966808355,3668|3.657942906802673,3669|1.7145811152153771,3670|4.196278446091332,3671|3.8800908021289433,3672|2.8422801488841367,3673|2.517719808879746,3674|2.193670542247345,3675|3.4582651839010827,3676|3.7224756589701062,3677|3.8018775384804204,3678|3.7250176465527725,3679|3.774813896794626,3680|3.958863765531453,3681|3.8629411190862317,3682|3.215088277533799,3683|4.009313553294419,3684|3.4984045563042088,3685|3.2513971992912625,3686|2.9595488490046815,3687|3.2738361451581164,3688|2.1423139947549306,3689|1.5067381438840561,3690|1.5591679175360103,3691|2.029145981192225,3692|2.143554509016786,3693|2.641114791643497,3694|2.3790047668968635,3695|2.1486717801684128,3696|2.6634872259454707,3697|2.3102227435409475,3698|2.8369816752199295,3699|3.165976633420084,3700|3.7210102731525634,3701|3.0012093680960494,3702|3.314847673049007,3703|3.6835020547327644,3704|3.03091673336698,3705|2.415684296663554,3706|3.749351852367991,3707|2.7186887479174224,3708|2.598133790913814,3709|2.1624595243390026,3710|2.0320927693914386,3711|3.589160449908812,3712|3.1578971284296986,3713|3.747819130769909,3714|3.31423232703175,3715|2.014139784173026,3716|2.189372171709195,3717|2.4265308163122414,3718|3.3313176907905753,3719|3.3749755737205254,3720|3.5581744503788597,3721|2.1601081347647,3722|2.933240080321458,3723|3.492895176934158,3724|3.7991498008841607,3725|3.7640920274151437,3726|3.782577229444855,3727|3.3451669600917167,3728|3.574332481672615,3729|3.372329382107517,3730|4.2523534798598135,3731|3.3912047218028474,3732|3.166755483370731,3733|3.3223873480768384,3734|3.7039720129193956,3735|3.781703428006809,3736|4.185907410323993,3737|3.801032804963461,3738|3.1591372336954966,3739|4.0506746895082255,3740|2.8665780461135055,3741|4.083918472802762,3742|4.007358381231267,3743|2.09826638568729,3744|2.962297931962838,3745|3.151806005371572,3746|3.4300596166841744,3747|3.919577189667485,3748|3.3749755737205254,3749|3.7153020180577228,3750|3.4810348032237464,3751|3.6285539858629665,3752|2.58722588554805,3753|2.7285469140112157,3754|2.4881673243046984,3755|3.0469088136797375,3756|3.12811805631445,3757|3.144649757438496,3758|2.655464590213695,3759|3.1546064306389816,3760|3.2428763512492327,3761|2.8529535362172402,3762|3.7041123046893754,3763|3.235487094309572,3764|2.231480102494981,3765|2.8298239289765377,3766|1.750084919891274,3767|1.5995186816152875,3768|1.6648393022166035,3769|3.2842560629184394,3770|3.2723505617266184,3771|3.2592163806003844,3772|3.7041123046893754,3773|2.6148190956531225,3774|2.7747793815049535,3775|2.9384617768665704,3776|2.88576702129156,3777|3.147462570992932,3778|3.4352134461226242,3779|3.52438852014496,3780|2.47683172672504,3781|2.967489211607284,3782|3.0177811058793385,3783|3.8937949930845877,3784|2.2871916415064133,3785|2.800121652024619,3786|3.054398765824889,3787|3.761899635330719,3788|3.8651766651341104,3789|3.57646193051443,3790|3.27859281054572,3791|2.992603474962509,3792|3.563191478954347,3793|3.1327832457163742,3794|3.412616108468213,3795|3.4866539147694118,3796|3.165015616984544,3797|2.8548289968202827,3798|3.232007002397748,3799|2.7799091325232133,3800|3.3758994093937704,3801|4.000032845144095,3802|2.072580384222052,3803|3.4810348032237464,3804|1.9679275989272178,3805|2.7988920978804783,3806|2.6073292126838377,3807|2.667835081433232,3808|3.9099496879687274,3809|2.892847188489408,3810|2.8077958690889124,3811|3.900919937446252,3812|3.367812044774155,3813|3.7992552538924977,3814|3.8610077358998485,3816|3.7916467863485765,3817|3.355630487589278,3818|3.528468603169126,3819|3.9391782459953752,3820|1.7470439477817785,3821|1.9465888710202988,3822|3.8216902946942994,3823|3.7423091017382495,3824|1.9478351640570648,3825|2.056140175230536,3826|2.314337670208575,3827|2.851299791248227,3828|3.4868563373334753,3829|3.3749755737205254,3830|2.778334473712242,3831|3.1129914807929335,3832|4.06117400967934,3833|2.1222855834648833,3834|2.888889601200809,3835|2.2089160752336157,3836|3.275476285967767,3837|2.4021796451029154,3838|1.875279253738705,3839|2.182177921208076,3840|2.3846347983202474,3841|2.392399290277874,3842|3.7041123046893754,3843|2.352874915576759,3844|2.9929511177534653,3845|3.5342893413536594,3846|2.992409113148949,3847|2.955822767958776,3848|2.9777674040044815,3849|4.514522329816911,3850|3.7287020407712212,3851|3.642970855495695,3852|3.0334184831201325,3853|3.4335377340874835,3854|3.288658169885181,3855|3.5386632113102214,3856|3.4810348032237464,3857|2.037229487876313,3858|2.932628540943945,3859|4.036049695493821,3860|3.025205082596833,3861|2.2581525778152036,3862|2.5729777451377602,3863|3.1292146926789655,3864|2.089578726485661,3865|3.1270522729468015,3866|3.4868563373334753,3867|2.576902838623928,3868|3.6574853231928963,3869|2.9574661636808344,3870|3.8251604641312262,3871|3.8587495413373323,3872|3.9219265584795195,3873|3.2824520413228067,3874|3.399625684670231,3875|3.556023665660926,3876|3.2058199723111676,3877|1.7328658077095938,3878|2.7810672681114745,3879|2.604831335749187,3880|3.4756003018378427,3881|3.470606929188524,3882|2.732487080280717,3883|2.6646861611418773,3884|1.5118472802476473,3885|2.7329141451824226,3886|3.356979536334425,3887|3.4810348032237464,3888|3.312374388029145,3889|2.0089363616997535,3890|3.5150315289797653,3891|3.5443300326346083,3892|2.515384488525998,3893|3.395927044196312,3894|3.8065303564023183,3895|2.1485227563527243,3896|3.2272053503162006,3897|3.6398217699208812,3898|2.2531526813044183,3899|3.0478735631022467,3900|2.5352723312077345,3901|2.3993864912812253,3902|2.955674059151762,3903|3.051404976775233,3904|3.4810348032237464,3905|3.075340288227074,3906|3.3973484922926502,3907|3.4810348032237464,3908|1.9044089182570474,3909|2.541201906869518,3910|4.190758284902837,3911|3.73593664464169,3912|1.8974804158676286,3913|3.1523829466942375,3914|3.0081895869252953,3915|3.221843840607034,3916|2.971011784115427,3917|2.9283983348818454,3918|2.4674136371786473,3919|1.937238385277207,3920|3.2394145276604687,3921|2.4986072563444868,3922|2.385528089262553,3923|2.510595461463966,3924|2.591431718118039,3925|3.3676416545784478,3926|3.12637760058199,3927|3.4243360911298764,3928|3.5203573101298122,3929|4.055916374369148,3930|3.0087922538030027,3931|2.883099606208968,3932|3.365584066730169,3933|2.9136047263372493,3934|3.0620830102723846,3935|3.7041123046893754,3936|3.3174276518979164,3937|2.8570273390524785,3938|2.8106133128480772,3939|2.835787829059898,3940|2.6008777575115083,3941|2.7286336159794935,3942|2.5475713104822644,3943|2.705410680769127,3944|2.9835426461865158,3945|2.7778447381682136,3946|3.098487392265626,3947|3.2561360660829948,3948|3.313496154137643,3949|4.2454490483785285,3950|2.8739012705062814,3951|3.3612311328611986,3952|3.4763385356165752