1|3.564653588667679,2|3.1602124882412697,3|3.1712779964076594,4|2.9847415891200733,5|3.1379292688851312,6|3.672630608749001,7|3.2384584126056093,8|3.2164569510652568,9|3.3084431698473775,10|3.536931462609704,11|3.5112254805044367,12|2.606396689372704,13|3.1172694753963737,14|3.531587394479069,15|2.31948883887489,16|3.880173423346664,17|3.6726970851924845,18|3.4898547704685527,19|2.5913302130214824,20|2.7816869573975835,21|3.37793422905368,22|3.5300985986126845,23|3.11896760093684,24|3.1260838095487817,25|3.514654567250191,26|3.494173985373175,27|3.0703432007205045,28|3.832581587906242,29|3.825069489085543,30|3.21594188118019,31|3.0951891765621387,32|3.9346703719497533,33|3.261781741886442,34|3.639377278211626,35|3.1227024668537804,36|3.7089698219431684,37|3.895487381509576,38|2.195402576955541,39|3.3889033507414874,40|3.4915089292380523,41|3.6518993102892257,42|3.071836524188159,43|3.3857828191097488,44|2.533278888828179,45|3.193404731891554,46|2.978705483861587,47|4.274437746265583,48|2.7167366522945113,49|3.542174031721657,50|4.436681374701572,51|3.915790841332634,52|3.472399619375026,53|3.402448228427968,54|2.480660504293321,55|2.9747997351745177,56|1.761020921176012,57|3.227120108251764,58|3.613123934579992,59|2.607472026730094,60|2.8716052359064417,61|3.3031979345792086,62|3.438619764130066,63|2.9028840263420745,64|2.4577642643819866,65|2.450334934376241,66|2.1143647228662177,67|3.358176399285738,68|3.213359030548557,69|3.4351622314435053,70|3.259647746047399,71|2.2797599867967353,72|3.510378533934283,73|3.518326729471248,74|2.7668538610231557,75|1.9707350029555155,76|2.941100397554475,77|3.8855829565910955,78|3.2423847115362223,79|3.162617783497043,80|3.4023322940316074,81|3.2979537010430855,82|3.708215098921541,83|3.512598090523247,84|2.9195164717653412,85|3.1434483168325107,86|3.2226511300628466,87|2.2306897856220216,88|2.9494725442684193,89|3.3758238216433485,90|3.176216585433127,92|2.8402797294283935,93|2.5141199767715765,94|3.639771914710683,95|3.1869901649639583,96|3.330527983080087,97|3.757119319199007,98|2.692944263326713,99|3.5648767496359604,100|3.3339342239056506,101|3.5825008457248924,102|2.241674825463688,103|3.4340127627906982,104|3.374580784190252,105|3.002908021684071,106|2.8372829643439705,107|2.98461620499378,108|3.33832870009436,109|3.781926304762773,110|4.116083760887883,111|4.142878428834995,112|3.530187837803669,113|2.978019579811738,114|3.4171188182896133,115|3.781926304762773,116|3.906089931081725,117|3.6226490866214034,118|3.0411157479522837,119|2.7684764152658996,120|2.96207239230848,121|3.7607081044386006,122|2.9359442846646275,123|3.5712048292207057,124|3.777311852921456,125|3.591460004155917,126|2.1279973023518446,127|3.777311852921456,128|4.2395255647701005,129|3.088428496533762,130|3.777311852921456,131|2.8880917435745666,132|2.9395957574856775,133|3.730605204567636,134|3.8173882056618926,135|2.9228199775485617,136|3.2005161466596252,137|2.8567013782648116,138|3.2095365808280945,139|3.8305601600801484,140|3.040171273958806,141|3.3365336335700038,142|3.777311852921456,143|3.777311852921456,144|3.2246852355161337,145|3.4318834492601984,146|2.7217674881182186,147|3.5167821958091423,148|2.9672850848811154,149|3.4242459232187388,150|3.8876862187836263,151|3.456653974800639,152|3.202980892133278,153|2.5376700229979656,154|3.6274430382692824,155|3.132095921652956,156|3.4380568942133882,157|2.661430291716595,158|2.674117360747725,159|3.2930130957997923,160|2.1393296592786593,161|3.7767027108717057,162|3.8699457992380295,163|3.400918320139028,164|3.625325984292525,165|3.557781789548425,166|2.771165142971748,167|3.3571234647127453,168|2.8701483390356457,169|2.0361617758344357,170|3.099015284497477,171|3.3773043182662326,172|2.5957802861310677,173|2.148506498133143,174|2.4027660598820253,175|3.2831481627240673,176|3.6870385782384396,177|2.832884866322516,178|3.040128593162758,179|2.481838055914014,180|3.3573982709759593,181|1.6412969551037295,182|3.073941815556344,183|3.895888994483739,184|3.1419306898384263,185|3.1598676421311804,186|2.7662254054904913,187|3.1447877301909033,188|3.247637643644913,189|3.145728284928678,190|3.743259528597636,191|2.762489131054437,192|3.490346448659806,193|2.2852737762220556,194|3.5759531110065463,195|2.7145443910247242,196|2.836832630776682,197|3.2580031950569532,198|3.319578265186904,199|3.6974410211918354,200|3.024680341368054,201|2.5385955067750627,202|2.6438187990490745,203|2.7571128675872427,204|2.660299171704285,205|3.422985367046388,206|3.647591659900355,207|2.8789269659299173,208|2.6246394587541846,209|2.5201264680234754,210|3.145000639317887,211|3.404771351995945,212|2.0301969165172937,213|3.7523309199154182,214|4.195874622437744,215|3.556315113196419,216|3.048908402030551,217|2.7393783595319583,218|3.1343132881899027,219|3.245431616367141,220|2.4211153933067457,222|3.380405342825111,223|3.932555779789495,224|3.2135270693987006,225|3.309656032539367,226|3.9129294214103147,227|2.822627607072879,228|2.695608240453306,229|3.5665515022417518,230|3.535264091995331,231|3.140178471849283,232|3.6252199980112794,233|3.3111806125750993,234|2.4316015405753735,235|3.509380881792638,236|3.1710677050720557,237|3.207517482851342,238|2.7240483560775726,239|2.9372988712227546,240|3.39671888984254,241|2.968661620205198,242|3.3632833108258735,243|2.3222871478688285,244|2.5827719226821824,245|2.8189137308220378,246|4.13548986094589,247|3.935448108468411,248|2.757876663468281,249|3.619397688632704,250|2.75183240607201,251|3.5619286502400453,252|3.1122385478835604,253|3.4932537376293906,254|2.9762167809528126,255|2.247817909393693,256|2.5374036674020823,257|3.4740897634403,258|2.227363810792352,259|3.047356988005275,260|4.2510113674442,261|3.494804336922945,262|3.4713578202390245,263|3.192807416657729,264|3.538292664902733,265|3.477216894781051,266|3.3828964093339122,267|2.750788741397165,268|3.130037921399249,269|3.3831915104154913,270|2.9238248023940034,271|3.0097995605598458,272|3.517443357277881,273|2.8941668728135026,274|2.4718136586125716,275|2.689123582186685,276|2.649219679357297,277|3.204811591487283,278|3.046443868958537,279|3.358455195031998,280|3.756721977078082,281|3.4486085204933485,282|3.300971514190439,283|3.016328631474064,284|3.9409432267968008,285|2.8791119077148393,286|3.054408322238713,287|2.9844578848408116,288|3.310473119005664,289|3.0830783491418856,290|3.7269098660801703,291|2.4660361653997827,292|3.339574319436318,293|4.089127392848468,294|2.890155909261737,295|3.1390881921206293,296|4.143737123261027,297|2.9808879925544667,298|3.3630906099214615,299|3.545501947269811,300|3.6213141461940297,301|3.290279121365534,302|3.64296367964064,303|3.066350147832585,304|3.001668804075086,305|2.607271063236438,306|3.848147183699213,307|3.8844729043978576,308|3.5729838576119834,309|3.2463370480544844,310|2.8558845242664828,311|3.101090737064305,312|2.5754912864333845,313|2.790319950721565,314|3.5106607088520887,315|2.5774395249224895,316|3.1627664568129843,317|2.907304551796703,318|4.435585312630828,319|3.974012218621022,320|3.204197335403541,321|3.5603545302962827,322|3.7770089075042597,324|3.3686478150304104,325|2.6682686404464286,326|4.060432959056999,327|2.491141679525999,328|3.0539686017208862,329|3.080123182114135,330|2.5548973482186996,331|3.058989487092341,332|2.626837834772844,333|3.299731528002378,334|3.2973262842480207,335|3.22117864402961,336|3.7949152878407117,337|3.6175407802405397,338|2.9154978855985365,339|3.190703398601746,340|3.2414894148464555,341|3.590412831448277,342|3.558724933898562,343|2.529402167381492,344|3.0380448292576885,345|3.504312387658152,346|3.1999150578447217,347|3.08885839952066,348|3.424364047780753,349|3.751219727870154,350|3.597279890338747,351|3.0834555176171454,352|3.2123092290193016,353|3.5252740829275213,354|3.1390159618609017,355|2.1459293902557817,356|3.9004490289148572,357|3.513834137237491,358|3.084507212468414,359|2.9470573552789983,360|2.816859989851369,361|3.318628228310211,362|3.1025391783538465,363|4.198969091503427,364|3.4904973584385792,365|2.9427821602116406,366|2.889108847157828,367|3.2175364045308834,368|3.4661364966897117,369|3.2771536932162837,370|2.8663739260111982,371|3.134541112878236,372|3.1124877410390455,373|3.858929037902848,374|2.1367412209584655,375|3.297742161235333,376|3.3408056539658757,377|3.562511579910387,378|2.8951409854063317,379|2.6694930158723684,380|3.5031658805462964,381|3.0796976630324515,382|3.0186780290176665,383|3.2513260819882888,384|3.4631071069823163,385|3.450178595307115,386|2.7637851356430354,387|2.8861761118570266,388|3.5478833392895908,389|3.4259191852813675,390|3.440590482076664,391|3.121282312464276,392|2.5375443800207806,393|2.162124722116796,394|3.666507905858273,395|3.777311852921456,396|3.777311852921456,397|2.5033375689269093,398|3.552110559948633,399|3.777311852921456,400|3.777311852921456,401|3.959513001035538,402|3.1060496698837188,403|3.647278867756931,404|3.8173882056618926,405|2.2593781794247323,406|3.220300926525847,407|3.205044545639622,408|3.1076326816512463,409|3.037551052137787,410|2.847722811864003,411|3.0304007172214877,412|3.320677317617573,413|2.780030190915899,414|2.6036136980670053,415|2.6208853878368488,416|2.703882236711898,417|3.2490236114525284,418|2.5823761320901917,419|2.4182050316604324,420|2.573645166213167,421|3.2916085853130097,422|3.6376197048240257,423|3.3822726128380554,424|2.673704918325342,425|3.1147182726812837,426|3.0678220513317145,427|2.524670861425154,428|3.751013752946055,429|2.4696894654220087,430|2.436804954670536,431|3.6735765428163587,432|2.628030636883461,433|2.948415910833471,434|3.1039117902549846,435|2.4616671068160825,436|3.000623587960934,437|2.1467808401115365,438|2.73500779611256,439|3.03486890832266,440|3.6460951287587458,441|3.5375620295535346,442|2.8108721541458643,443|3.254301303683565,444|2.509661180413191,445|3.0196359819635283,446|3.681396612639009,447|2.643551509762161,448|3.5373865478765536,449|3.512652074529681,450|3.261462387139601,451|3.0780740238022455,452|3.343961663060144,453|2.9543692251734894,454|3.7069198022710115,455|2.506616866270423,456|3.6864561624799927,457|3.9658739394273788,458|3.0136685275193593,459|2.9806858209942426,460|2.168842386945004,461|3.2621801769631023,462|2.8009127431598912,463|3.1064613315057175,464|3.044016331072532,465|3.3524894469308393,466|2.6925101677719407,467|2.9782883637698587,468|3.2563328243609693,469|2.814036503318862,470|2.1301027708538376,471|3.5437083427014753,472|2.78559297781013,473|2.291931635063838,474|3.966367913429706,475|3.711296006378129,476|2.8642454568629843,477|3.518162549956714,478|2.510301033796087,479|3.281160680272231,480|3.4883879625720313,481|3.63265426119147,482|3.6079351079397575,483|3.725860336822649,484|2.4859287410692312,485|2.599465859828036,486|2.5978816306941335,487|2.648715098038502,488|3.170696448669463,489|2.5656741498720974,490|3.565388540948369,491|3.29306130938951,492|3.636453594297473,493|3.556412068042987,494|3.423741349562376,495|3.142296910008839,496|2.956793308105434,497|3.765394617430471,498|2.7613178390485347,499|2.770909672250011,500|3.2874019728074497,501|3.685821448281394,502|1.9702404777882112,503|2.924628132080538,504|2.8419620719994363,505|2.3764476965543193,506|3.2197651902277347,507|3.4700470375613985,508|3.6098175986920706,509|3.400629947894733,510|2.4298986143012513,511|3.112209347132891,512|2.972246574043311,513|2.966220747519708,514|3.4056473723070173,515|3.5612703978242415,516|2.8911219831464066,517|3.1832792068200435,518|2.603318827908965,519|2.0613477794553257,520|2.8671567531689233,521|3.5968725875240932,522|3.5778596864858274,523|3.6133451652504043,524|3.461286596788638,525|3.5377659010069293,526|2.8948385278921376,527|4.413517519100446,528|2.7481977504040107,529|3.865305446340527,530|3.777311852921456,531|3.4551041016501953,532|3.035757452153706,533|2.6625131960492006,534|3.48631311316407,535|3.732296450674966,536|3.1474326166104754,537|2.864551808940182,538|3.620467156283022,539|3.4558517674344866,540|2.8020286823958678,541|4.133301488352639,542|2.585065234037943,543|3.301388117315276,544|2.9532780436584054,545|3.103942363379959,546|1.8768552341943587,547|2.983031319349854,548|2.7910527020539444,549|3.803597100032678,550|3.070949412028531,551|3.5443440113433438,552|3.0866838996222405,553|3.8667032942083206,554|3.19789143137223,555|3.9360902430001863,556|4.1155001283613055,557|3.777311852921456,558|2.7405417673383763,559|3.2640537281458784,560|3.777311852921456,561|3.72008197588161,562|3.6924594403222146,563|3.149936088931576,564|2.3784877354971803,565|3.2589807638746224,566|3.2320722138025513,567|3.777311852921456,568|3.542453550503771,569|2.851138736901091,570|3.249949905121941,571|3.4124345385757255,572|3.777311852921456,573|3.303429157195554,574|3.4371586191212797,575|3.1782279468422923,576|3.781926304762773,577|3.11990166851681,578|3.7412294999187994,579|3.9129294214103147,580|3.28551114955662,581|3.75301638011228,582|3.263143066656763,583|3.1994050033403454,584|3.777311852921456,585|3.019362457991639,586|3.241556496958994,587|3.578872989906505,588|3.349615597609234,589|3.5618023457675667,590|4.212687471706974,591|3.915790841332634,592|3.333978109220952,593|4.557754940693206,594|3.3193551338369023,595|3.196757711692845,596|3.383528318061489,597|3.4416789397238983,598|3.2474019835789196,599|3.7470563756807653,600|3.0499210748798307,601|3.333337583651793,602|3.941179693544464,603|2.876832143536318,604|3.8173882056618926,605|3.049718530518446,606|2.3397994671721367,607|3.777311852921456,608|4.169059165762083,609|2.6571493080878383,610|3.4404675112369034,611|2.427986069853591,612|2.5769929689182676,613|3.351579239352125,614|2.896178748447711,615|3.785224143601021,616|3.0843200548926615,617|3.5301872406514496,618|2.478234086204818,619|2.4846618453559843,620|3.777311852921456,621|3.235126887484445,623|3.8027112938608973,624|3.504115212483884,625|3.777311852921456,626|2.535895827799039,627|3.727616391163578,628|3.871196269607575,629|3.777311852921456,630|3.0906354936042817,631|2.164700688109847,632|3.628349923537127,633|3.4715625067640863,634|1.6999824698184276,635|3.383825648781123,636|3.777311852921456,637|2.6521010715260767,638|3.298291402876816,639|2.667632742012179,640|3.2282586945824443,641|2.9923789547469104,642|3.777311852921456,643|3.781926304762773,644|3.781926304762773,645|3.6300098612863816,647|3.5072299189522163,648|3.3361064759989354,649|3.4915179695394576,650|3.406757963009167,651|3.11940395972498,652|2.7979467316604048,653|2.947062957669176,654|3.738506616896101,655|3.781926304762773,656|2.438075034651699,657|3.730605204567636,658|3.338534924018429,659|3.6736042052105065,660|3.1054603937644276,661|3.1067647026666636,662|3.2762079351773785,663|3.2763105620553166,664|3.0003253804190004,665|3.880417701637807,666|3.436901015085154,667|2.300539132067532,668|3.767141718233667,669|3.777311852921456,670|3.2314718107263136,671|3.410386351060545,672|3.777311852921456,673|2.708899656730786,674|2.683471851970328,675|3.915790841332634,676|3.777311852921456,678|4.326030404661978,679|3.400354556392032,680|3.172605252479861,681|3.5639544102577934,682|3.171429578086382,683|3.8173882056618926,684|3.777311852921456,685|3.2747585606057084,687|3.183260309166731,688|2.1664754382116564,690|3.3810379300726416,691|2.9392835362613523,692|2.3831974589984757,693|3.777311852921456,694|2.8010593713063914,695|3.322563613247349,696|3.2505283515366603,697|2.6296608572308102,698|3.229435594734682,699|3.777311852921456,700|3.2530563743296472,701|3.390868920592756,702|3.668265975819504,703|2.255403367585389,704|2.4693767743959603,705|3.340374413901277,706|3.1520436774520775,707|3.310715999206345,708|3.284112379965592,709|3.024719944871637,710|2.3765872637787195,711|2.367599211163931,712|3.5940306778646636,713|3.316650044215143,714|3.9159467656809097,715|3.3188319370399713,716|3.2022164627236593,717|3.2029872169076774,718|3.4211021791883156,719|2.786830033572212,720|4.086640185138666,721|3.777311852921456,722|3.501133447027641,723|3.777311852921456,724|2.820145847492775,725|2.8807947269947305,726|3.1680677721866104,727|3.8173882056618926,728|3.495805221258262,729|3.166177652303128,730|3.777311852921456,731|3.2785475823222088,732|3.2176304250606647,733|3.6418027687159213,734|3.1818217194458205,735|3.133836347846637,736|2.947636438907825,737|2.148074119728695,738|3.777311852921456,739|3.781926304762773,741|3.998468222721988,742|2.796084026993595,743|2.5239470260750334,744|3.777311852921456,745|4.4988860752424245,746|3.7511442957447128,747|2.0316831047484563,748|2.976378622658011,749|3.777311852921456,750|4.350608027124368,751|3.160285968789939,752|3.733612583455737,753|2.9896593851886664,754|3.0004832773693764,755|3.175874591164229,756|3.5698879259558844,757|3.3071597895219376,758|3.777311852921456,759|3.7633626318418396,760|3.888351427741772,761|2.7272876167000772,762|2.7254623484982496,763|3.285091988489055,764|3.069576935460334,765|2.8850489616759805,766|3.3763457044618796,767|3.777311852921456,768|3.777311852921456,769|3.8173882056618926,770|3.777311852921456,771|3.1942206081279476,772|3.781926304762773,773|3.777311852921456,774|3.777311852921456,775|3.1854907860958344,776|3.14340406226839,777|3.851491776750426,778|3.6235575667537736,779|2.6544408528443784,780|3.3382123727763577,781|3.3564072804667333,782|2.9459512633832037,783|2.8426147973682916,784|3.029166516757938,785|3.272801253697067,786|2.779485348317115,787|3.592405312079528,788|2.7747856724821904,789|3.2388349181703573,790|3.2874066055920776,791|3.606509857258062,792|3.1015411221466564,793|3.3380753757073887,794|3.154850405741233,795|3.777311852921456,796|3.777311852921456,797|3.312975786432606,798|2.767320251931478,799|3.315231744962868,800|3.816302201201627,801|3.005464565745024,802|3.1481011920640425,803|3.3625835334478045,804|2.978258838007787,805|3.655858591734466,806|2.9257460694044863,807|3.1004515600949376,808|2.8123890576186463,809|2.675771275517943,810|1.7851099679616786,811|3.781926304762773,812|3.777311852921456,813|2.700497082353613,814|3.777311852921456,815|3.941494200370439,816|3.256942891178226,818|2.66796724659016,819|3.2347834065377974,820|3.0449188558511464,821|3.3186487603721497,822|3.777311852921456,823|3.203361627334445,824|3.3003922213859958,825|3.733612583455737,826|3.777311852921456,827|3.1504807948865245,828|3.1875001605254543,829|2.3971728111318464,830|2.752443079613548,831|3.8807941660561767,832|3.6085380555726236,833|2.549189535456178,834|3.0229193625825483,835|2.978856869377876,836|2.678004658347005,837|3.3198672982769857,838|3.505805353408565,839|2.5426804154123706,840|2.522844218360536,841|3.4846368411736868,842|2.6745153994825177,843|3.236122216978596,844|3.3601358994736,845|3.3397671559292235,846|3.5864279978042424,847|2.6120579504893326,848|3.5042952213727303,849|2.5414594266296424,850|3.61849170091128,851|3.3966207272465887,852|3.2835492832772077,853|3.3242123268832993,854|3.5479488979480474,855|3.777311852921456,856|3.2287678718725283,857|3.777311852921456,858|4.3317394087317025,859|3.8173882056618926,860|3.284940161804641,861|3.413712830132672,862|3.197321032571306,863|3.6410690049897627,864|2.6778499550143007,865|3.3863967898223746,866|3.913876125674325,867|2.496668993536626,868|3.2971396956140815,869|3.0817291884489686,870|2.4425959902238974,871|3.3065096914136562,872|3.3770672412919533,873|3.777311852921456,874|3.2427817031650674,875|3.1133601237686817,876|2.7474070045713983,877|3.4210246317041113,878|3.777311852921456,879|2.8490067639304235,880|2.489819958654773,881|2.4034043246365147,882|3.166087348499938,884|3.191442425658342,885|2.3942592794688613,886|3.213756018369197,887|3.777311852921456,888|2.324236497713887,889|3.255510498394492,890|3.9129294214103147,891|2.5163921792183066,892|3.5022681873922323,893|3.589316389205918,894|3.8027112938608973,895|3.117788382951456,896|3.4145949434210663,897|3.5423704507180576,898|3.9220735135020552,899|3.965663433535715,900|3.551467483995721,901|3.4104436779829133,902|2.597260864788147,903|4.040991689139778,904|4.377863367373312,905|3.6784938500685445,906|3.893648165374644,907|2.820485630219876,908|4.3223706101297825,909|3.9069994490522495,910|3.7748405987532427,911|4.017258974991779,912|4.075669078327559,913|4.149852600279479,914|4.004677600457209,915|3.624445660508411,916|3.6840576473157176,917|3.4506080683772016,918|3.62278423772892,919|3.8540289860586556,920|3.7631379477636586,921|3.2640842293840473,922|4.3752366524655955,923|3.894441194959821,924|3.601248342501896,925|3.4871500841392766,926|3.890612535445044,927|3.131482241202398,928|4.361416861946933,929|3.81417758978334,930|4.222552211847981,931|4.012923864646905,932|3.3612957596318704,933|4.08992436124432,934|3.4801502124502655,935|3.251156112059041,936|3.757044028315131,937|3.4507073184367654,938|3.4736040086632776,939|3.2363567419679713,940|3.781959175283363,941|3.4224423833248143,942|4.248870700605725,943|3.5487255332305176,944|3.572340381180103,945|3.953739999589015,946|3.3663987033788,947|3.7360480364221136,948|3.6741950770220035,949|3.803776011774383,950|3.913925382933824,951|4.040997164040142,952|3.412655518383191,953|3.90124991156939,954|4.012219801358148,955|3.775020775128737,956|3.0859959074407026,957|3.177823732624842,958|3.313505834515307,959|3.676357373751983,960|3.09257823906568,961|2.9358238600997093,962|3.525010976659294,963|3.4201608860168724,964|3.4836222977058577,965|4.056707224850503,966|3.5272447210069213,967|3.201963647210085,968|3.498298308307037,969|3.9573415076290144,970|3.0549112495346495,971|3.8811430797346644,972|3.298433226594626,973|3.7051021100856465,974|3.637701839783844,975|3.8404189802887627,976|3.5248551352429915,977|3.808691221553489,978|3.777311852921456,979|3.7949152878407117,980|3.1790166922056105,981|3.0344246283035474,982|3.406104215794857,983|3.8027112938608973,984|2.775254948854518,985|3.6325375071999906,986|3.442562703595753,987|2.9443596869806683,988|3.311560834197489,989|3.522242440539489,990|2.8618179277604368,991|3.3830116308488303,992|3.094049314530925,993|3.0833409268861933,994|3.7369138282626517,996|3.0337408169827436,997|3.356083126432989,998|3.256295107075222,999|3.441900156856984,1000|3.159779477308324,1001|3.781926304762773,1002|3.5433829921742994,1003|3.3064537672476826,1004|2.8649046485342757,1005|2.314308800501993,1006|3.0307055450074247,1007|2.849092805868107,1008|3.2691068183191367,1009|2.8533603087895876,1010|3.1563987713612174,1011|2.610490616191807,1012|3.472672330993375,1013|3.342226433380188,1014|3.1526840584889806,1015|3.2407840648093966,1016|2.9411769420004745,1017|3.332656885274659,1018|3.086049963808698,1019|3.388259886685314,1020|2.982027673613314,1021|2.465343395164628,1022|3.4736455587492676,1023|3.6510602945038624,1024|3.304248106789584,1025|3.307713323167162,1026|3.1406344291118193,1027|3.1460156889640514,1028|3.5619077464074165,1029|3.2463493237380865,1030|2.698630229024369,1031|3.0882625191263706,1032|3.4734410507303695,1033|3.3780883622290627,1034|3.782605788911198,1035|3.656227822381834,1036|4.083686585885878,1037|2.7412208267560665,1038|3.4619264096544184,1039|3.227078090989168,1040|3.232311437555692,1041|3.645554759673863,1042|3.2779316240392733,1043|2.7092879448941884,1044|3.4795535627663536,1045|3.0956163883615417,1046|3.5597877579499846,1047|3.626780170635243,1049|3.438423342155522,1050|3.9356849825248386,1051|3.3271103759489344,1052|3.777311852921456,1053|2.839142007933849,1054|3.170203114215075,1055|3.0024499055122518,1056|3.421446257685429,1057|3.401827075434797,1058|3.123544512323156,1059|3.2930675442173065,1060|3.6668099566304413,1061|3.5420858477163266,1062|3.235711933809772,1063|3.1821698758734835,1064|2.722134886987126,1065|3.808691221553489,1066|3.7914570395716223,1067|3.0779466074954738,1068|3.951315608942701,1069|4.021452356910457,1070|3.243736342129721,1071|3.2664001801751112,1073|3.5402264985171747,1075|3.2594084094431928,1076|3.882209768622154,1077|3.6087452103629722,1078|3.5024025680074735,1079|3.7706695516089273,1080|3.777336196456086,1081|3.4494653956082137,1082|3.5861765877456193,1083|3.1628220308871198,1084|3.948236154661432,1085|3.5050969702486734,1086|4.108904241000857,1087|3.1310437428422384,1088|2.9217535294016064,1089|4.171228017714741,1090|4.089437015004027,1091|2.78164716455205,1092|3.623646316283808,1093|3.2129685133608943,1094|3.532854419252418,1095|3.794937296754987,1096|3.790983841989325,1097|3.5594035132217234,1098|2.623653076326034,1099|3.528013303661297,1100|2.8984616415143263,1101|3.4420588298648895,1102|2.948909783308774,1103|3.6962333030117316,1104|3.920496054142064,1105|2.2019115887494998,1106|3.8173882056618926,1107|3.0405947266720066,1108|3.8173882056618926,1109|3.777311852921456,1110|3.8776512010547837,1111|3.8253868145432106,1112|3.3644862137344145,1113|2.85593107340804,1114|2.784194421915015,1115|3.730605204567636,1116|3.4028178616086846,1117|3.3475918882100055,1118|3.812030604456858,1119|3.1697465465596055,1120|3.630627950416378,1121|3.0852209426862345,1122|3.8173882056618926,1123|3.6574009840617023,1124|3.4354191973304546,1125|3.543824849912099,1126|2.4951888279921954,1127|3.610691022462891,1128|2.9832905119045936,1129|3.266204394962439,1130|3.240827511512843,1131|4.0433875138639,1132|3.9426333552620005,1133|3.730605204567636,1134|3.2326533767756658,1135|3.1258541053594233,1136|4.163248206113243,1137|3.1088898245181187,1138|3.517609014041418,1139|3.777311852921456,1140|3.777311852921456,1141|3.777311852921456,1142|3.777311852921456,1143|3.258429350762003,1144|3.9122080144070592,1145|3.8173882056618926,1146|3.730605204567636,1147|3.9999650732188368,1148|4.340387903576982,1149|3.263803635868893,1150|3.6794641669088306,1151|3.5298357161810894,1152|3.607783614035541,1153|3.283607923892756,1154|3.635545766865653,1155|3.777311852921456,1156|3.777311852921456,1157|3.777311852921456,1158|3.781926304762773,1159|3.8027112938608973,1160|3.781926304762773,1161|3.760725149001685,1162|3.779256663520882,1163|3.777311852921456,1164|3.273051823014244,1165|3.854911592272842,1166|3.781926304762773,1167|2.794685828427633,1168|2.5028225799876935,1169|3.901102692265383,1170|2.1920177234264075,1171|3.727956047160834,1172|3.7907565809010118,1173|3.2088708039222023,1174|3.2428834249040106,1175|3.903815792511128,1176|3.697542926449668,1177|3.539867012350053,1178|4.271293998331818,1179|3.634064295836782,1180|3.6508584308241376,1181|2.7260014940883526,1183|3.3234252037227168,1184|3.5704074006882975,1185|3.604305308286385,1186|3.4446607262673243,1187|3.5996412035518537,1188|3.6431201275053997,1189|4.065121306178194,1190|3.3855751276438384,1191|3.4231623290049376,1192|3.800325442532502,1193|4.343112695193991,1194|3.403487739800959,1196|3.9914263252603113,1197|4.056242624004371,1198|4.232423064091728,1199|3.9029937875920373,1200|3.941703632284028,1201|4.178434677088396,1202|3.7105274903545586,1203|4.202614035827832,1204|4.281323469654128,1205|3.990760540419723,1206|3.912524743301743,1207|4.158598424977179,1208|4.183100004899308,1209|4.193089191878696,1210|3.725268081192609,1211|3.69828111540471,1212|4.40400016524274,1213|4.106304106325853,1214|4.0861535822810815,1215|3.6246441851785867,1216|3.4782949185526904,1217|4.129925469779154,1218|4.157142498200066,1219|4.3057515239797794,1220|3.7777154161467035,1221|4.2344413956679094,1222|4.048682140743272,1223|4.075753040174525,1224|3.9576807294278282,1225|4.04026326494131,1226|3.7346756375873564,1227|3.8965654457241605,1228|3.9764492619795204,1230|3.8085062325431704,1231|3.90710411001806,1232|3.286093562786729,1233|4.104807014000514,1234|4.02260891999095,1235|3.8049811004802114,1236|3.7323329094604887,1237|4.1064098094975225,1238|3.532198951968108,1240|3.9640057612895085,1241|3.6176798240875616,1242|4.030604530641108,1243|3.672567695659181,1244|3.698456807634557,1245|3.8193513295353294,1246|3.7894342869960242,1247|3.957737343000156,1248|4.300271611771144,1249|4.18788480484524,1250|4.085526906771405,1251|3.901481385067732,1252|4.279768193999383,1253|3.9389942026054214,1254|4.078898672225275,1255|3.335694985824208,1256|3.903041294246097,1257|3.768037283025171,1258|4.0466973173848615,1259|4.054844473966081,1260|4.452646993591612,1261|3.457802532204425,1262|4.281495881192626,1263|4.086922538509646,1264|3.964980510403566,1265|3.7382718894590146,1266|4.073785178008644,1267|4.3363484597277555,1268|3.461310774237753,1269|4.033949453047538,1270|3.7997016622802677,1271|3.4152724037262647,1272|3.986909363008788,1273|3.8150465437158614,1274|3.9205198798774283,1275|3.5044700531841757,1276|4.062306757003883,1277|3.743476893094236,1278|3.8912021433024666,1279|3.489581551472093,1280|3.9179064723931747,1281|4.211895376924313,1282|3.4241469953604837,1283|4.156919887448796,1284|4.3559288647790275,1285|3.6519188488819356,1286|3.183033232136719,1287|3.8247605130097653,1288|3.9148695909174642,1289|4.055746918617307,1290|3.2566324596679763,1291|3.793780991715333,1292|3.8261755021033794,1293|3.878766593057567,1294|3.777577458263518,1295|3.3620438653659983,1296|3.7385525511542212,1297|3.520479682619178,1298|3.39975224790055,1299|4.161494922872091,1300|3.7592879568168343,1301|3.6542310359134587,1302|3.695432119860248,1303|4.082722879546593,1304|4.096837137301451,1305|3.5393879013253624,1306|3.252030997256079,1307|3.7037165372481633,1308|3.781926304762773,1309|3.738506616896101,1310|3.75291646322857,1311|1.6461921137271969,1312|3.125522858601822,1313|2.2892773713367056,1314|3.3313933314281288,1315|3.7044617517439633,1316|3.777311852921456,1317|2.996676111643324,1318|3.2241329275845856,1319|3.8173882056618926,1320|3.1635846155539973,1321|3.671099257009531,1322|2.000470294775477,1323|1.8048035112013605,1324|1.6782817423821028,1325|1.7801740095901504,1326|2.094750178167141,1327|3.032262328683731,1328|1.9262397243774774,1329|2.763603609815391,1330|2.8267373621839726,1331|3.1038656808695695,1332|3.315912257680486,1333|3.9338242760553155,1334|3.00389229900883,1335|2.1371218157248144,1336|2.589866222644117,1337|3.416318983945007,1339|3.2486577692417447,1340|3.6371312313310513,1341|2.8735543779444876,1342|3.1393569609816154,1343|3.838638100779014,1344|3.949733383089339,1345|3.591804118704565,1346|3.069937041448777,1347|3.440268038389784,1348|3.7554426002811168,1349|3.097041265924591,1350|3.602758917992033,1351|3.4187952486390616,1352|3.0507241142285713,1353|2.847729029303064,1354|3.789584364416932,1355|3.274429246656305,1356|3.3728895543428177,1357|3.656359147892637,1358|4.147449996937228,1359|2.2912928449878764,1360|3.296801114046817,1361|4.087674947763785,1362|3.777311852921456,1363|2.8308096243237353,1364|3.5293171085442125,1365|3.6961328817321206,1366|3.3087586038059404,1367|2.985796770120772,1368|3.777311852921456,1369|2.9106106542790378,1370|3.526761281988489,1371|2.8970899559742787,1372|3.230643587020835,1373|2.60569538349646,1374|3.5581752331405214,1375|3.1111728558620833,1376|3.2699438813688704,1377|2.8730073998138317,1378|3.443234645134698,1379|2.9640612353360085,1380|3.1899388051314332,1381|2.023797840664662,1382|2.6018678587425277,1383|2.052096230671574,1384|2.9381249207271094,1385|3.30277276106918,1386|3.800926515213291,1387|3.9716159391192436,1388|2.71076750756467,1389|2.0569713918178345,1390|3.0793529556714536,1391|2.802793670897935,1392|3.515550948991454,1393|3.5666687157475456,1394|3.8491452347929975,1395|3.269281683107683,1396|3.6606799334627595,1397|3.465012593432407,1398|2.925247354454985,1399|3.0470752259924287,1400|3.777311852921456,1401|3.507478837383675,1404|3.252849384268869,1405|3.339990627868234,1406|3.518266816298633,1407|3.707337593382981,1408|3.52307799973007,1409|3.206739934307742,1410|3.0250268373515823,1411|3.537946530639414,1412|3.501970656160875,1413|3.3503707901626787,1414|3.266890795002281,1415|3.0901915053956444,1416|3.1020610230119057,1417|3.1974730112995546,1419|3.5234230214329307,1420|3.6507976249675274,1421|3.8173882056618926,1422|3.4592730524610733,1423|3.51558200430201,1424|3.8776512010547837,1425|3.1628593439522925,1426|2.884421370377909,1427|3.3515759968810146,1428|3.777311852921456,1429|2.7936643369264367,1430|3.2387878622789676,1431|3.2788241425297846,1432|3.5044528138565934,1433|2.999679495775551,1434|3.8776512010547837,1436|3.172721012651822,1437|3.3031155235691756,1438|3.1622987083269356,1439|2.9087961804060933,1440|3.0998748368440108,1441|2.8469708201462036,1442|3.353339255502834,1443|3.8173882056618926,1444|3.4027474068144725,1445|2.8528087172972603,1446|3.7579979634844767,1447|3.298136198418672,1448|3.8173882056618926,1449|3.712237220005541,1450|3.470899873124938,1453|1.9846242406967107,1454|2.061236602714349,1455|3.3020267560611822,1456|2.972158799936925,1457|3.108840772022713,1458|3.2488507901175305,1459|3.453163005510374,1460|3.172851598120605,1461|2.9553035325831774,1462|3.8173882056618926,1463|3.327147162645516,1464|3.4168107782399666,1465|3.0770625821608113,1466|3.792870292331151,1467|3.730605204567636,1468|2.578613906944427,1470|3.4893734389668523,1471|3.3041591819130813,1472|3.3439796802976254,1473|3.057312829464553,1474|1.9512410095421366,1475|2.576251341401216,1476|3.396439549439148,1477|3.3364554901196453,1479|3.241186915041384,1480|3.376300937338366,1482|3.0188762624502505,1483|2.6987312657780924,1484|3.642462038628298,1485|3.334937005026685,1486|3.3651428763816895,1487|2.496388461543013,1488|3.0652301719715096,1489|2.6660890958057086,1490|3.781926304762773,1493|3.151037623474201,1494|3.781926304762773,1495|1.4730396708524425,1496|3.1047270057751017,1497|2.0591870289203325,1498|3.0809256289596862,1499|2.1535225698641627,1500|3.6908192395887403,1501|2.941096986989423,1502|3.385238461603056,1503|2.6134185561067316,1504|3.432068154610624,1507|3.4708655224184963,1508|3.248519054250373,1509|3.6996846442908815,1510|3.777311852921456,1511|3.420620177939983,1513|2.994850108745628,1514|3.0383350196333287,1515|2.7039206976868835,1516|3.519223637304894,1517|3.5390794362442106,1518|3.575990615700568,1519|2.977594778283959,1520|2.796028145776554,1522|3.777311852921456,1523|2.861655110222869,1524|3.777311852921456,1525|2.2498991364227483,1526|2.603824948163932,1527|3.5049151449160023,1528|3.781926304762773,1529|3.05615502007824,1531|3.654685948355298,1532|2.7825740766270304,1533|3.497248185737285,1534|3.2701402846535075,1535|3.370247831581759,1537|3.6894741544591625,1538|2.906762398902818,1539|3.1708773074396657,1541|3.0798359689648973,1542|3.4403897136728734,1543|3.214098564088518,1544|2.9681101893840083,1545|3.5965778932226775,1546|3.5016524117101975,1547|3.1678750742437365,1548|3.777311852921456,1549|2.5647224595638516,1550|2.784193890100931,1551|2.607787007438054,1552|3.3676747111279584,1553|3.781926304762773,1554|3.2903752695828485,1555|3.3102413153739443,1556|2.1143755325062275,1557|3.777311852921456,1558|3.781926304762773,1559|3.777311852921456,1561|3.781926304762773,1562|2.24717346325454,1563|3.3878878060334063,1564|3.496832396439342,1565|3.016062310652778,1566|3.1076837114612927,1567|3.2168817619227474,1568|3.764427447270247,1569|3.291786789311498,1570|3.4571319496248627,1571|3.4399636052037192,1572|3.355713974237244,1573|3.451390480617552,1574|2.592374404587426,1575|3.170698483828641,1577|3.777311852921456,1578|3.8777586627354914,1579|3.777311852921456,1580|3.5066171492053524,1581|2.689615024230979,1582|3.0911118932039754,1583|2.1927629383293192,1584|3.663146408443633,1585|2.8486497511023967,1586|2.984927620418699,1587|3.042553670420737,1588|2.7428053371415144,1589|3.4049133925523964,1590|2.783695395002434,1591|2.6701156178775736,1592|2.340707046328407,1593|2.7550997085948024,1594|3.706982119179677,1595|1.7972251863879132,1596|3.387826306603012,1597|3.5470301951696377,1598|2.953208043202009,1599|1.8687411674189682,1600|2.80651324832854,1601|2.734259320968925,1602|2.1444594731635043,1603|2.8621928313109155,1604|2.610023444346277,1605|2.7233868227542852,1606|2.312087527209475,1608|3.5106564978438555,1609|2.9447486039080433,1610|4.039199328025878,1611|3.4008504753301425,1612|2.97427027989776,1613|3.3782080065505777,1614|3.1027245030715154,1615|3.60639366108998,1616|3.361905511755401,1617|4.18558625958734,1619|3.2711517784011854,1620|3.591649280998473,1621|3.1039347193375093,1622|3.0063615847084773,1623|2.5063436357587365,1624|2.9257644916519996,1625|3.9306871671311563,1626|2.4511194712126443,1627|3.341173644689267,1628|3.777311852921456,1629|2.9927216599276836,1630|3.730605204567636,1631|3.807445054485023,1632|2.9511710956119064,1633|3.2778936137046903,1635|3.630678539031728,1636|3.3387952434085157,1639|3.652507204276152,1640|2.4551011484296814,1641|3.65896986526511,1642|3.003767792176996,1643|3.6460621322043423,1644|2.731782278542765,1645|3.5644919828883688,1646|2.4988737058182418,1647|3.134888599392081,1648|3.326007178665075,1649|3.729501479805773,1650|3.1325178446324387,1651|3.443993689170828,1652|3.534982244564514,1653|3.6499576800512488,1654|3.031358875734704,1655|2.508478459898866,1656|2.7107072212748093,1657|3.3301012183116034,1658|3.218065231156343,1659|3.3061553818795724,1660|3.449720127410096,1661|3.3763855086649235,1662|2.970783591939605,1663|3.741816249622864,1664|3.3387811919110373,1665|2.6997130624535166,1666|2.621390344669315,1667|2.8726091892799683,1668|2.534102452272723,1669|3.8027112938608973,1670|3.489644312870523,1671|3.5494276654226815,1672|3.655868549998857,1673|3.707545269593778,1674|3.945992128933494,1675|3.416627149844153,1676|2.8540834249746245,1677|2.9614242552377976,1678|3.4678029335055935,1679|1.9992552676303057,1680|3.4726547324685333,1681|2.144442116553609,1682|3.7991734531595167,1683|3.519233396986266,1684|3.283889229429846,1685|3.4025602680518827,1686|3.514714122175406,1687|3.31627000849801,1688|3.2235486877261645,1689|3.1022185483633535,1690|2.9667173631247747,1692|3.932167340434301,1693|3.586631298120289,1694|3.632131490085244,1695|3.472717903873983,1696|3.397950428772198,1697|3.8777586627354914,1698|3.1957012987548117,1699|3.4235729675606805,1701|3.3160895568980653,1702|2.3860057669183434,1703|2.641540639781901,1704|4.10393010980484,1705|3.777311852921456,1706|3.777311852921456,1707|1.9451259908879415,1708|3.777311852921456,1709|3.9129294214103147,1710|3.777311852921456,1711|3.1792150607597858,1713|2.8844737526889963,1714|3.8027112938608973,1715|2.848185150025654,1716|3.777311852921456,1717|3.0645089234192358,1718|2.9109910010580156,1719|3.8941978652857325,1720|3.774711674215511,1721|3.3331210203144366,1722|3.4246869135358065,1723|3.2812520088120993,1724|3.777311852921456,1725|3.671753025044956,1726|2.6829378278280887,1727|2.995433495585584,1728|3.1135013042990902,1729|3.673719577992885,1730|3.631940106882053,1731|1.8749795945399148,1732|3.57843362525328,1733|2.959090631198885,1734|3.570097393566427,1735|3.1303252322301613,1738|3.781926304762773,1739|1.5626738988443285,1740|3.8305601600801484,1741|3.777311852921456,1742|3.8777586627354914,1743|3.328399489789237,1744|2.745756641815971,1746|2.7053718202170205,1747|3.3699722693388887,1748|3.862529407980028,1749|3.1330681147215973,1750|2.3833854473559066,1752|2.976668822423882,1753|3.164417383993274,1754|3.605331599589932,1755|3.624356956982013,1756|2.686033777967488,1757|3.29414761040816,1758|3.777311852921456,1759|3.898556742596117,1760|1.8159119341910925,1762|2.7320418623708473,1764|3.879564188847506,1765|3.7710661244241397,1767|3.0487236995778515,1768|3.777311852921456,1769|3.204818930115507,1770|3.227090880971941,1771|2.938628481495509,1772|2.411529642642531,1773|3.2816124560258277,1774|3.730605204567636,1776|3.777311852921456,1777|3.378907234765677,1779|2.769469804589865,1780|2.959621737417224,1781|3.777311852921456,1782|3.733612583455737,1783|3.30253725639146,1784|3.817251007893975,1785|3.560961069793012,1787|3.8173882056618926,1788|3.558760781734611,1789|3.777311852921456,1791|2.801946663277067,1792|3.321587032714472,1793|2.655796066062081,1794|3.1999765832249008,1795|3.4251447040773653,1796|3.8305601600801484,1797|3.87301959180989,1798|2.8769344504879393,1799|3.6792146003107016,1801|2.960546196063949,1804|2.99258522230556,1805|3.5179132141002896,1806|2.7504251100244606,1807|3.4868325827637268,1809|3.4520775594886675,1810|3.435757202086985,1811|3.238509975812867,1812|3.1000612336469207,1814|3.3512820034053505,1815|3.777311852921456,1816|2.8168019956415535,1817|2.9816775938703737,1819|3.777311852921456,1820|3.2385211422068703,1821|3.0785842810000696,1822|2.2996812275657135,1824|3.379243289986091,1825|2.5413963393773016,1826|1.77033208372956,1827|3.7104608887783597,1829|3.1556333865928243,1830|3.781926304762773,1831|2.620903596679997,1832|3.350397293380574,1833|3.2405394570742168,1834|4.0136330417158845,1835|3.1896661318255894,1836|3.1227212016099934,1837|2.7131504326054783,1839|2.312738548554412,1840|3.2710509661633234,1841|3.4095851123224437,1842|3.7710661244241397,1843|3.7836625577602625,1844|3.579523048957614,1845|3.9339745900655654,1846|3.4504417105186063,1847|3.854911592272842,1848|2.7176762123712646,1849|3.841718827350789,1850|2.7024556038108467,1851|3.738506616896101,1852|3.854911592272842,1853|1.8251880580239326,1854|2.9703941979362067,1855|2.424962463990907,1856|3.4406475791407956,1857|3.2833627958713283,1858|3.2980036712631673,1859|2.9824318295173406,1860|3.7305464750022885,1861|3.4144143573349566,1862|2.1882384797383705,1863|2.356131712456042,1864|2.5661272083172193,1865|3.5304102101992476,1866|3.134877629435838,1867|2.4214382280796576,1868|3.7949152878407117,1869|2.5354026230142948,1870|3.1561622148781536,1871|3.275418960834993,1872|3.3418402688336375,1873|3.635133985329035,1874|2.943528413340987,1875|3.3998183900506342,1876|3.018948252720736,1877|2.841984648129049,1878|2.0429865767496618,1879|3.3836590722069486,1880|3.3573104540125476,1881|2.4028006613588646,1882|2.297922104823673,1883|3.3270153809455083,1884|3.1782665413573072,1885|3.3748719300651127,1886|2.984706746238321,1887|2.616557685105623,1888|2.7525873365247913,1889|3.9891323038294866,1890|2.710689993053324,1891|2.773393136276063,1892|3.542485972827701,1893|3.631304187642371,1894|2.9537154216388233,1895|3.070535629650511,1896|3.1156378053975717,1897|3.4474343199862045,1898|3.1230379005243036,1899|2.8827810411861883,1900|3.6656238612611802,1901|3.9911900138569445,1902|3.015592652000753,1903|2.9426300171468833,1904|3.372152188223242,1905|3.777311852921456,1906|3.033355517503728,1907|3.6737827982949636,1908|3.2442436515513235,1909|3.555842514179535,1910|3.4743055565289644,1911|2.7056419434326138,1912|3.766088281101748,1913|3.4685233997693574,1914|3.4905466335457858,1915|3.777311852921456,1916|3.419927995057555,1917|3.0355841832833153,1918|2.8986222380255136,1919|3.158488100100101,1920|2.654660574134295,1921|3.8365900676852567,1922|3.3900765815674907,1923|3.7859129934610847,1924|2.696806477866475,1925|3.3799078500363127,1926|3.102058044197789,1927|3.9417131054843555,1928|3.2847010145481703,1929|3.6135451309261644,1930|3.03624474408578,1931|3.9384247203543294,1932|3.394149135274325,1933|3.411577414817695,1934|3.5404340381242956,1935|3.6586981301841712,1936|3.539322508049331,1937|3.598795627200057,1938|3.7401529388723165,1939|3.9053231036818357,1940|3.802632689668035,1941|3.6316352625955077,1942|3.862718993227767,1943|3.1020543624806423,1944|3.7751543009978996,1945|4.057639472281747,1946|3.6358097779032947,1947|3.673967274462802,1948|3.2587699061393707,1949|3.911550531696413,1950|4.042959150161395,1951|3.455169956024201,1952|3.8594842427699145,1953|4.041172659771918,1954|3.778513060385513,1955|3.6223205256986075,1956|3.708010671001043,1957|3.575500508325697,1958|3.4769470695446705,1959|3.368850316070671,1960|3.791790769994045,1961|3.9445632258392638,1962|3.5988107793287014,1963|3.8014282480792,1964|3.822186348298281,1965|3.4136910697255516,1966|3.452958762787933,1967|3.314319156142168,1968|3.647983888415557,1969|2.413039208938631,1970|2.6158694291626756,1971|2.321588747571189,1972|2.237823346028,1973|2.3109784221758436,1974|2.8752210744520967,1975|2.5381005796834,1976|2.213066631095044,1977|2.199935403641002,1978|2.215364866088282,1979|2.301898017232909,1980|2.1860830554042687,1981|2.106065847585128,1982|3.6644327354663986,1983|2.7697008027339907,1984|2.252089958814947,1985|2.4721270283269527,1986|2.268733374213692,1987|2.518046959778097,1988|2.3803643451355647,1989|2.079204950355259,1990|2.2007762241997924,1991|2.798690246376271,1992|2.117327473156657,1993|2.0267391377374504,1994|3.7802439281181988,1995|2.218500585449432,1996|2.008196943608882,1997|3.9440942383499578,1998|2.1353061079372857,1999|2.9938549383606925,2000|3.5898652651435192,2001|3.1972772537447796,2002|2.9623579329251526,2003|3.1718839025503742,2004|2.545287596003362,2005|3.286912018672629,2006|3.305818245645051,2007|2.7201640018892963,2008|2.6735813382199862,2009|3.557941002884445,2010|3.8773993587495665,2011|3.168465305710634,2012|3.1104486761681587,2013|3.316908722403954,2014|2.906304865860002,2015|3.1866105838992937,2016|2.7050852683725237,2017|2.6357487911955504,2018|3.4027019590978886,2019|4.336821259482073,2020|3.821499932997526,2021|3.1722250201033986,2022|3.659189873072232,2023|3.28003210323691,2024|3.432013326317701,2025|3.2812443763262946,2026|2.793638513687327,2027|2.6709194132209646,2028|4.100673948853692,2029|3.560570017218777,2030|3.777311852921456,2031|2.5087298753899945,2032|2.872463659452926,2033|3.131409359838856,2034|2.716724445076067,2035|2.752918040496587,2036|2.350651933989675,2037|3.1336917387669896,2038|2.610027836320274,2039|2.8911379141636138,2040|2.8942881789287336,2041|2.571283069438593,2042|2.3866316119153193,2043|3.0124714861742534,2044|2.352285593770735,2045|3.036199713465985,2046|3.1005599940962587,2047|2.8028270481230315,2048|3.2946516632100122,2049|2.902330467696376,2050|3.1921102817018285,2051|3.047778449387872,2052|3.125979666653603,2053|2.8615337730175074,2054|3.0093548128238057,2055|3.1849699305147587,2056|3.179793003868199,2057|3.333486930057607,2058|3.604951021940499,2059|2.998822778236513,2060|3.196846837760659,2061|3.420342025309677,2062|3.0328955420041837,2063|3.171780494919921,2064|3.6253683291587047,2065|3.281240830035739,2066|3.7034903670222192,2067|3.6342302867239744,2068|3.399213259033531,2069|3.3082435534789374,2070|3.525558436815812,2071|3.574274490279702,2072|2.9789042354695825,2073|3.2808346019233277,2074|3.409691273465829,2075|3.3353660063960415,2076|3.6058603846915123,2077|3.2957470677949754,2078|3.5686380270019384,2079|3.252796599526012,2080|3.053241704041897,2081|2.9705179470023957,2082|3.0962995668891127,2083|3.229978188540799,2084|3.0121988816447622,2085|3.345095103662235,2086|2.852618745410017,2087|3.3409430507451954,2088|2.9357292407507796,2089|2.935455798392563,2090|3.189463844908281,2091|2.7788372300132527,2092|2.829745019241786,2093|3.154653250537324,2094|2.8009668701497366,2095|3.0827114867572125,2096|3.462552736785467,2097|3.671246307192291,2098|2.9737891797655998,2099|2.737590961678024,2100|3.179190909926594,2101|3.088224986534078,2102|3.2365608331268176,2103|2.759772448766291,2104|3.08837198401526,2105|2.9812434374934567,2106|3.170080312425002,2107|2.9015629293832337,2108|3.5278216410205356,2109|3.560247158459842,2110|3.2638241756078283,2111|3.147046324671242,2112|3.489636905972732,2113|2.4512692701584387,2114|3.5704191452110585,2115|3.4799019921094363,2116|3.2997417590872953,2117|3.513018577593472,2118|3.880896638705937,2119|2.4519241736150725,2120|2.910521540023171,2121|3.0588286524761195,2122|2.6383084082795056,2123|2.964373800905491,2124|2.948959207798959,2125|3.5158128757945235,2126|3.1641508358474906,2127|3.738506616896101,2128|3.19406066600295,2129|3.324561067992633,2130|3.489209990584042,2131|3.647700742769536,2132|3.9726878532996723,2133|3.0678251927060067,2134|3.1543349927090993,2135|2.8928348652106517,2136|2.9545101555111257,2137|3.414357613260757,2138|3.7120072805837507,2139|3.7965806952646295,2140|3.3082720466771773,2141|3.2180345364525897,2142|2.8365493050396577,2143|2.9550135677137224,2144|3.4965614480621268,2145|3.098363335727436,2146|3.055262506927516,2147|2.420330107916376,2148|3.017872841980654,2149|2.282478547652868,2150|3.533016910358411,2151|2.8935263202930104,2152|1.9996351102295211,2153|2.0561741344961852,2154|2.7119643317107114,2155|3.4296197239984583,2156|3.3108465349037943,2157|3.095479194729216,2158|2.8511809794509366,2159|3.557623522205694,2160|3.7934302749091797,2161|3.331129196795403,2162|2.369747862522103,2163|2.5783132695141378,2164|2.200060817507443,2165|3.2975081392823915,2166|3.4437912638765296,2167|3.2779714269336973,2168|2.867985473403939,2169|2.8279443409599385,2170|2.7151851461503815,2171|3.2884201250546727,2172|3.2842322365573065,2173|3.468467927591929,2174|3.3351419600558483,2175|3.5904164800349587,2176|4.018108427682715,2177|3.5034310435169673,2178|3.9164945282567656,2179|3.383534666640987,2180|3.6946167044663545,2181|3.8025612923030643,2182|3.645095305005266,2183|4.0806907970661666,2184|3.7609361034635524,2185|3.7165287751788796,2186|4.250625072151102,2187|3.7718820621456173,2188|2.7961600508942186,2189|3.7073971388742626,2190|2.906280756590876,2191|2.9812788582238463,2192|2.89846080830442,2193|3.1912457558696916,2194|3.900244763944856,2195|3.0847547784742266,2196|2.4397642363903618,2197|3.1455989857204907,2198|3.6524372415279402,2199|3.32405037504875,2200|2.63125727809364,2201|3.0846968799456507,2202|4.14660418030566,2203|4.422552331866197,2204|3.8659645144253445,2205|3.5311280252698243,2206|4.28006833634204,2207|3.2990604039869087,2208|4.1029280149658405,2209|3.069208383869027,2210|3.940485296429207,2211|3.7101704740626964,2212|3.9577335131167093,2213|3.8404189802887627,2214|3.6218416006997245,2215|3.2707099684085974,2216|3.777311852921456,2217|3.8404189802887627,2218|3.777311852921456,2219|3.126408793691529,2220|3.777311852921456,2221|3.4868603415014374,2222|3.781926304762773,2223|3.781926304762773,2224|3.777311852921456,2225|3.777311852921456,2226|3.4386627487873556,2227|3.570402244267255,2228|3.777311852921456,2229|3.777311852921456,2230|3.781926304762773,2231|3.528230497215762,2232|3.4702040151839295,2233|3.777311852921456,2234|3.165259286113357,2235|3.7949152878407117,2236|3.3010385552172847,2237|3.6838375952803952,2238|3.72885607016577,2239|3.253125004503944,2240|3.1237957991060172,2241|2.701946009581209,2242|2.8456368216511083,2243|3.46742922806928,2244|3.0678813267997884,2245|3.177758093007207,2246|2.694965895955763,2247|3.001174835621442,2248|3.620852832093032,2249|2.9494764119790178,2250|3.042093624281608,2251|3.781926304762773,2252|3.050195326528251,2253|2.6159485224534844,2254|3.777311852921456,2255|2.58971771791552,2256|2.6590572703288435,2257|3.158088658604096,2258|3.8776512010547837,2259|2.6618462239479044,2260|2.7916269385207393,2261|2.9803154531355953,2262|2.9707718041354063,2263|3.574074183470345,2264|2.7404972377745693,2265|2.119041280814848,2266|2.809281691591826,2267|3.4471263109406642,2268|3.6848912212814313,2269|2.947942964528795,2270|3.8173882056618926,2271|3.340328993519784,2272|3.2423062191216907,2273|3.4804446159209927,2274|3.777311852921456,2275|2.8421911557473525,2276|3.555825398436329,2277|3.777311852921456,2278|3.682166885644286,2279|2.98581432244794,2280|3.681149294408518,2281|3.280854189038293,2282|3.219745349389864,2283|2.847721308818669,2284|3.451721521450834,2285|3.7270263391872938,2286|2.5965720004611548,2287|3.399959491012872,2288|3.8508720802305456,2289|3.7617769356158637,2290|3.242549270605957,2291|3.209908596963741,2292|2.8367297900313675,2293|2.9445986254316523,2294|3.431498250564011,2295|3.5722273426645366,2296|2.6122337441952714,2297|2.890059990969577,2298|2.2769049209107677,2299|3.781926304762773,2300|3.8185252111691605,2301|3.5836204213872342,2302|3.5635383622342367,2303|3.5934686323636997,2304|3.861530059531986,2305|3.5486605524728247,2306|2.5263895025303684,2307|2.8929622300751197,2308|3.9409432267968008,2309|3.777311852921456,2310|3.543552113050435,2311|3.4598109196010047,2312|3.5897853187277127,2313|3.939192842443989,2314|2.881506240166244,2315|2.658014943789305,2316|2.754864058073219,2317|2.8829671464778346,2318|3.795039345462832,2319|3.781926304762773,2320|3.46233012314666,2321|3.4996734755727825,2322|2.732595644434899,2323|3.822486498316592,2324|4.118296545065381,2325|3.1886369096382357,2326|3.854911592272842,2327|2.768388502894797,2328|2.9069896642507267,2329|4.207352463813324,2330|3.9689874101132228,2331|3.2557944442367477,2332|3.0612922441171877,2333|3.607832123661315,2334|3.4601123826454883,2335|2.9194581381986806,2336|4.0214643499203895,2337|3.12191692195383,2338|2.403393241516352,2339|2.498853993311866,2340|3.207201456841461,2341|3.011574615136544,2342|2.4750562608931297,2343|3.777311852921456,2344|3.475351434162674,2345|3.2413346798236247,2346|3.3860507826934985,2347|3.4168143638379527,2348|3.547974705780054,2349|3.709727220374171,2350|2.634643812241138,2351|3.7233072750088336,2352|3.6111860806540883,2353|3.7142176094054644,2354|2.72422290232715,2355|3.6861631892396254,2356|2.939475763076132,2357|3.910893459925266,2358|3.724427520939704,2359|3.6739791649821427,2360|3.9284418902066918,2361|3.139154173240718,2362|2.7017806996075917,2363|2.994168291765262,2364|2.7002641217959935,2365|2.6198169324599143,2366|3.2789102910174455,2367|2.783879800631959,2368|1.9955087145259278,2369|2.87293794349726,2370|3.197394145551363,2371|3.5311129814026305,2372|2.837884610418586,2373|2.5039787748777504,2374|2.8839450489658933,2375|2.8902105148330097,2376|3.2549688821680145,2377|2.9822471051544706,2378|2.958351492360868,2379|2.374421467761789,2380|2.124470661522987,2381|2.017154583026988,2382|1.8434509961418073,2383|1.8709205554517059,2384|3.116009238435632,2385|2.5110936315327406,2386|2.069487362790218,2387|3.1447735001985513,2388|3.238074716344858,2389|2.7836105973025544,2390|3.538480800649035,2391|3.904805143348273,2392|1.8851805130566204,2393|3.1751852095379993,2394|3.443644892250994,2395|3.650824211178519,2396|3.805299485412541,2397|3.5411200826132134,2398|3.642413683918868,2399|2.624641259666828,2400|2.968941476632149,2401|3.9189371875859687,2402|2.9394398393519037,2403|3.8538306072252055,2404|2.5374763287828443,2405|2.920986694143843,2406|3.4827751358456895,2407|3.333124477828272,2408|2.5178461234808776,2409|3.334072234156315,2410|3.19608497453888,2411|2.8975839123223284,2412|2.099823906323562,2413|3.348246116178535,2414|3.1058175780000514,2415|3.1802473831190006,2416|3.1396062156124875,2417|2.976629212980475,2418|3.2652752191366554,2419|3.2438908752778577,2420|3.21833682493505,2421|2.6457490202538656,2422|2.042637225843505,2423|3.6125395088115733,2424|3.192666697910569,2425|3.5662085317251497,2426|2.5326740725890375,2427|3.239909849588126,2428|2.6681077674852745,2429|2.552303294817734,2430|2.7265998837116134,2431|3.120251294176185,2432|3.0091693477720893,2433|3.3347262353626324,2434|3.072119969639529,2435|2.9192395696605757,2436|3.6317826630341203,2437|3.26403158440089,2438|3.854911592272842,2439|3.7159264996317565,2440|2.8865465668092276,2441|3.550569137536724,2442|3.5788333311201903,2443|3.3965159401692615,2444|3.2660362860296765,2445|2.84385715739404,2446|2.9876351228884195,2447|2.9546777871410264,2448|2.6237560059249843,2449|2.156257379152372,2450|2.1379755300481778,2451|2.511333613823386,2452|2.7947425145468796,2453|2.8300043963237855,2454|3.1155018934132217,2455|3.383106848199783,2456|2.307522368135312,2457|3.227244920727478,2458|2.651923472377341,2459|3.074892048427928,2460|2.3803791958553333,2461|2.1801833587395283,2462|1.911293587861442,2463|3.206565494610647,2464|2.2006687833698635,2465|2.543235480506488,2466|3.216251550419117,2467|4.051265363101059,2468|2.9042620976605504,2469|3.176522905603421,2470|3.2142589337351763,2471|2.5947321371035157,2472|2.8099917327951602,2473|2.4823228470309893,2474|3.4965913340154424,2475|3.443237651579312,2476|3.371389689879093,2477|3.841718827350789,2478|2.9049721860604594,2479|2.58284669015066,2480|3.777311852921456,2481|3.7097443891759525,2482|3.089498831318473,2483|3.5117997450812712,2484|3.781926304762773,2485|3.0552786526364875,2486|2.9221458281764647,2487|2.936414383067165,2488|4.083039593531821,2489|3.777311852921456,2490|3.635464482179617,2491|2.6449063066896388,2492|2.826591709280388,2493|4.036015357592193,2494|4.048247561210936,2495|3.6330960109172037,2496|3.1814122741336943,2497|2.679228305392355,2498|2.081470947151258,2499|3.419562803478058,2500|2.6175825334858724,2501|3.820012431455633,2502|3.787134324236189,2503|3.5407674451376003,2504|2.7575390141940863,2505|3.197948861251073,2506|2.8646336851291743,2507|2.704448601193464,2508|3.777311852921456,2509|2.8606485754717865,2510|3.2707697573240755,2511|3.581100853825953,2512|3.9824866765436235,2513|2.9105551023321414,2514|2.1881793912506877,2515|2.0121467683893837,2516|1.776488053069435,2517|3.2145300040281155,2518|3.349902840080684,2519|3.2358143861119,2520|3.1462269987469007,2521|2.55185679206061,2522|2.2498861700759933,2523|2.889629586159053,2524|2.9679673836705147,2525|2.406425149257475,2526|2.5715476007110087,2527|3.309940342898118,2528|3.186989063471729,2529|3.5224536611983224,2530|2.8327544268930636,2531|2.711882468739385,2532|2.7979755596072957,2533|3.0120107537046894,2534|2.4726289462507616,2535|2.719292792160958,2536|2.014042259180696,2537|1.9971909886120078,2538|3.8173882056618926,2539|3.312780264603024,2540|3.1655005645186005,2541|3.135648848843984,2542|3.913097005013051,2543|3.2896217101525793,2544|2.8744727603187994,2545|3.030903681432095,2546|2.8024459238480635,2547|3.777311852921456,2548|2.4845206462655027,2549|2.1983750805428253,2550|3.724777926502761,2551|3.42853018459145,2552|2.3490878257880854,2553|3.498783275287015,2554|3.160555629062138,2555|1.7415260375264683,2556|3.675811793653171,2557|3.203253458021207,2558|2.7206917209820802,2559|2.362652889635931,2560|3.4292414145812407,2561|3.4258827034863244,2562|3.4169822754660206,2563|3.482821789790047,2564|3.777311852921456,2565|3.6349261486071254,2566|2.677372951414664,2567|3.104985203419119,2568|2.4197454062775248,2569|3.1860928435913585,2570|3.199663917444118,2571|4.029359435175227,2572|3.345659186687268,2573|3.777311852921456,2574|2.61603456012808,2575|3.594982216098158,2576|3.777311852921456,2577|3.114773592312298,2578|3.2684293635766473,2579|3.8902603299241676,2580|3.7980780760516923,2581|3.030042234483046,2582|3.0129308289934107,2583|3.311095724179756,2584|3.781926304762773,2585|3.3342863436875865,2586|3.3412551391787892,2587|3.0472475795958234,2588|3.777311852921456,2589|2.7571290848932346,2590|2.954577671151978,2591|3.733612583455737,2592|3.777311852921456,2593|3.3485682037771864,2594|3.8455546941084027,2595|3.8173882056618926,2596|3.4854553480674904,2597|2.73893831606673,2598|3.0350863583863257,2599|3.667651210435774,2600|3.0259792756893145,2601|3.781926304762773,2602|2.0365105886395165,2603|3.777311852921456,2604|3.8173882056618926,2605|3.26152364354618,2606|2.921581063319959,2607|3.7208372780393564,2608|3.5784204897423373,2609|3.6321049878461493,2610|4.011078377171019,2611|3.573454572244847,2612|3.99427732067702,2613|3.0443290843485555,2614|2.3447946587919493,2615|2.8569031570681194,2616|2.7169044854822317,2617|3.0719507990066077,2618|3.5196701416511917,2619|3.777311852921456,2620|3.4043066157429056,2621|3.4634333788667235,2622|3.0370705246159106,2623|3.781926304762773,2624|3.67883233970296,2625|2.8808925222661728,2626|3.2348710667842457,2627|3.526147864733238,2628|3.197223325932603,2629|2.6535395236202692,2630|3.0978056958767057,2631|3.838567500777076,2632|2.783309684935932,2633|3.2737899353419673,2634|3.034362224574808,2635|2.7960438341468286,2636|2.7297000161717415,2637|2.7605791244381024,2638|2.7831191453529107,2639|3.0541729895753713,2640|3.17274627803768,2641|2.8259746488439017,2642|2.3389312226465555,2643|1.852594029712305,2644|3.61089991842226,2645|3.9260458827496176,2646|2.831918604215454,2647|2.92137981818467,2648|3.7295781371056655,2649|3.080388820340382,2650|2.6724607299811156,2651|3.0441655803960765,2652|2.853128238505934,2653|2.8574112971896617,2654|3.555053785756318,2655|2.071109699987483,2656|2.7933433354684616,2657|3.2814994839299265,2658|3.7800622621965996,2659|3.034667949535625,2660|3.483959893048604,2661|3.061384426561947,2662|3.472171314356676,2663|2.737835275032234,2664|3.759578911156182,2665|2.86905745177039,2666|2.8778295421338393,2667|2.473112334620703,2668|2.5617434797047443,2669|3.535514125214984,2670|3.8628295112294517,2671|3.504105995609744,2672|2.9803210371237814,2673|2.9295779518144363,2674|2.9233101512482826,2675|3.311455135541977,2676|3.2040017829168064,2677|3.8384268126623153,2678|2.9256421080236703,2679|3.1049552013286412,2680|3.777311852921456,2681|2.960277083127694,2682|3.8360018547979546,2683|3.3064010313630563,2684|3.730605204567636,2685|3.1903138369170456,2686|3.791922936980149,2687|3.415297476865664,2688|3.369997360146277,2689|3.4016638040000715,2690|3.5107155392787313,2691|3.135187829182751,2692|4.212492056645763,2693|3.814391395829807,2694|3.0379167336577133,2695|2.9173927057125875,2696|3.510476748415133,2697|3.14263997123662,2698|3.7800622621965996,2699|3.167442177848291,2700|3.8168130398351483,2701|2.113162539532758,2702|3.1285916982591067,2703|3.777311852921456,2704|3.028334310741559,2705|3.2220089654258954,2706|3.4704145953577274,2707|3.67303092267097,2708|3.290205059340934,2709|3.044127519136693,2710|3.1365926865829703,2711|3.777311852921456,2712|3.3258118021233596,2713|2.569587387947631,2714|3.282618725593366,2715|2.375226711536196,2716|3.69274042865006,2717|2.721642048593253,2718|3.0854960781478438,2719|2.59175533379257,2720|1.9218622724181569,2721|3.4922730087737635,2722|3.0019008971116885,2723|3.0210287993070173,2724|2.9304772319114596,2725|3.509987987946471,2726|4.197692024535841,2727|3.5733206696960718,2728|4.035991491386253,2729|3.7979561309141525,2730|3.3941338797417635,2731|3.780765471935805,2732|3.8167751674918455,2733|2.556892548334327,2734|3.153782630281994,2735|2.869918832328546,2736|3.355058607240278,2737|3.0393453918168953,2738|3.1316844176773886,2739|3.642851358551807,2740|2.2377461062682826,2741|3.2433433747797293,2742|3.730605204567636,2743|3.2162129828475154,2744|3.4440924921978047,2745|3.8151639105327284,2746|3.183821746327469,2747|3.039777899992183,2748|2.24836120801518,2749|3.5402719512598297,2750|3.532860611652593,2751|2.9286832556322873,2752|2.797456521248253,2753|3.7171732307023913,2754|2.1624574946609023,2755|2.5024483256098637,2756|3.0984171739848905,2757|3.5753154241274454,2758|3.090275168117968,2759|3.209953737977158,2760|3.650671204544796,2761|3.8223971856347045,2762|4.373284889052549,2763|3.6848379448847908,2764|3.6336611807159165,2765|3.7250121589321665,2766|3.103103144850623,2767|2.9821658853363893,2768|3.0890798801666115,2769|3.349098012228822,2770|3.02160528191827,2771|2.968893221355476,2772|2.958957964496686,2773|2.654568859365102,2774|3.32886085619309,2775|3.356351448038019,2776|3.4817786816652165,2777|2.9588237048341526,2778|3.11253086525291,2779|3.3340159390236135,2780|3.069289890914149,2781|3.0250784315797032,2782|3.5179685067876107,2783|3.022080030269022,2784|3.442959260793847,2785|3.476488782390599,2786|2.3512401639478093,2787|2.9554863899510737,2788|3.908630256390029,2789|3.005508193566759,2790|2.807203673976942,2791|3.8618463878000693,2792|2.8266219634126655,2793|2.5236409220017855,2794|2.7693649234506985,2795|3.7304777447183417,2796|2.872685694227778,2797|3.5443383318510797,2798|2.150102865907189,2799|1.8812633120012952,2800|2.952031266808228,2801|3.0451971768237547,2802|3.167118054743053,2803|3.5641081882960233,2804|3.9731975657818803,2805|2.830367657757013,2806|2.8207776540650076,2807|2.0789544749754616,2808|2.49953167047118,2809|2.7455988819349857,2810|3.7143504352168635,2811|3.781926304762773,2812|3.255110896305502,2813|3.8291739670518607,2814|3.171361797964206,2815|2.5286628470401493,2816|2.005742519896157,2817|1.7955338765093813,2818|1.8417209709466604,2819|4.048532560674758,2820|3.505637792335284,2821|3.7927653201526454,2822|3.0376183548749767,2823|3.8305601600801484,2824|3.6803868848867833,2825|3.1731745868631416,2826|3.2940501480219995,2827|2.629484256981573,2828|2.1264827058819944,2829|2.7842427655150326,2830|3.487387157530903,2831|2.8431272531854623,2832|3.777311852921456,2833|3.0211879724392947,2834|3.2311671681399936,2835|2.8976797224338586,2836|3.3201999717139925,2837|3.2786444927223775,2838|3.781926304762773,2839|3.6041750352506954,2840|3.1395938853646026,2841|3.7941644122386315,2842|3.4800835469972524,2843|3.2840346165988916,2844|3.30595630596082,2845|3.777311852921456,2846|3.134752667767443,2847|3.4464481478192064,2848|3.629369177870837,2849|2.8227399891246305,2850|2.5563804029639394,2851|2.5739142258534864,2852|3.817091240835107,2853|3.3079065827703062,2854|2.9983761835201586,2855|2.632117292299961,2856|3.1136839176892606,2857|3.630490200089767,2858|4.27828164166511,2859|4.020960132494036,2860|3.0169794218554586,2861|2.855169579401729,2862|2.6890836076247426,2863|3.7510419169173153,2864|3.0506644569970334,2865|2.910765529026845,2866|3.577580534907093,2867|3.3195974091149623,2868|2.5884979098947563,2869|3.293128597254099,2870|3.415267029507751,2871|3.8998951041711916,2872|3.5698213315945284,2873|2.902887708288743,2874|3.277616897034015,2875|3.1398077367143546,2876|2.64036897484399,2877|3.101854346505048,2878|2.537042528261865,2879|3.099005935663666,2880|3.108566664525502,2881|3.292749615510166,2882|2.9386707047946663,2883|3.4665278367186056,2884|3.733612583455737,2885|3.193581732490755,2886|2.4905548269574487,2887|2.75462714122221,2888|2.727836167189124,2889|3.283474482767078,2890|3.7568090930241116,2891|3.3075430128276135,2892|2.256920036215398,2893|3.1346143280255383,2894|2.794555258632647,2895|3.841718827350789,2896|3.5076923670761477,2897|2.7938980884686266,2898|3.0496246859580234,2899|3.2836625023665285,2900|2.8824932017119016,2901|2.9319861164067555,2902|2.852877962664623,2903|2.4116722761279235,2904|3.3947800790012987,2905|4.2107003653113,2906|2.3929423364605924,2907|2.5044336208794538,2908|3.736288024316326,2909|3.8173882056618926,2910|3.2391129459713826,2911|3.408047104873587,2912|3.6378084046255457,2913|2.93766242551572,2914|2.522885922012597,2915|3.4412185330022336,2916|3.551886810669273,2917|4.051355913116304,2918|3.923253974176558,2919|3.6145107675089774,2920|3.8124929130157685,2921|4.007366328398081,2922|3.899818158056883,2923|2.908188349160147,2924|3.592781106987248,2925|3.850046946544789,2926|3.1263765092017897,2927|3.8187209537538305,2928|3.2772711021265124,2929|3.4247208536463303,2930|3.7004445824636383,2931|3.470599660421219,2932|3.6993982019803306,2933|3.44110824611616,2934|3.867461254635124,2935|3.7664289686507813,2936|3.7225870279351803,2937|3.850530850512742,2938|3.6058139708913037,2939|3.98180058400739,2940|4.143895893895043,2941|3.2977327275136235,2942|2.826008312249939,2943|3.489666766168476,2944|3.8454548602662024,2945|2.9307907303425575,2946|3.674621799481618,2947|3.809895807888902,2948|3.8439474270235454,2949|3.8594784211635824,2950|2.357057587430492,2951|3.9839174656560825,2952|3.8127759103810774,2953|2.423478095677795,2954|3.777311852921456,2955|3.777311852921456,2956|3.5162294803522043,2957|3.777311852921456,2958|3.777311852921456,2959|4.186877748954087,2960|2.282326272880925,2961|2.7412125782961105,2962|2.989815968641479,2963|3.3007082032720403,2964|3.326001151002833,2965|2.0780659852700833,2966|3.856546945015883,2967|3.9052735538898022,2968|3.4386567395975964,2969|3.601442461498631,2970|3.762002750571081,2971|3.6223713258662604,2972|3.6899807474658095,2973|3.904800686046165,2974|2.173638470798857,2975|2.957699709995895,2976|3.098937757861714,2977|2.840908270744057,2978|2.82200914964015,2979|2.4528770072417174,2980|3.777311852921456,2981|3.657819921951736,2982|2.523447750578853,2983|4.0123964963371,2984|3.8645389663723573,2985|3.355229934808451,2986|2.510078566000935,2987|3.3827337162971416,2988|3.447511886730458,2989|3.4835541273236164,2990|3.122475738057678,2991|3.482548475967177,2992|2.7454557225122445,2993|3.5639505689115087,2994|3.3181146991578885,2995|2.469154217523737,2996|3.2061949320200394,2997|3.967965411353102,2998|3.078945306375708,2999|3.3322521607499427,3000|3.8641922612872976,3001|2.982984977910543,3002|3.69851478589252,3003|3.1589326995087736,3004|3.0514229981820575,3005|3.6030581747489308,3006|3.7023530294708067,3007|3.6234191290097986,3008|3.6869618981063788,3009|3.777311852921456,3010|3.323018477428616,3011|3.5180286835133714,3012|3.29638888905136,3013|3.094571964399556,3014|3.138400400647403,3015|3.6571141051675253,3016|3.2854757725927417,3017|2.9843265056464756,3018|3.3226800917266868,3019|3.4255778758552364,3020|3.581459504898789,3021|3.18590781976733,3022|3.6450987961217605,3023|3.733612583455737,3024|2.917299030495957,3025|3.3005995062306024,3026|3.0554971757747484,3027|2.8042548296212324,3028|3.4346779144358015,3029|3.476043824687981,3030|3.5433860902578687,3031|3.0326753000089584,3032|3.310061168140318,3033|3.6176333564976586,3034|3.273344581734893,3035|3.3392852651986122,3036|3.3535057393158056,3037|3.13090979739356,3038|3.6505689790848073,3039|3.5426374877452655,3040|2.37059985646634,3041|2.798379938115409,3042|2.9322766067017083,3043|2.8688113863697247,3044|3.7292431511947406,3045|3.3360628004446498,3046|3.221791450914968,3047|2.9217669354624918,3048|3.058508524193444,3049|3.162243076001347,3050|3.235918972187009,3051|3.049924734768232,3052|3.682313007402888,3053|2.9794269452003843,3054|2.6760367426630403,3055|3.7365981799946386,3056|3.5907382252504947,3057|3.52164615997356,3058|3.0545755052490824,3059|3.777311852921456,3060|3.603966966035325,3061|3.4537673523242387,3062|3.910896104191223,3063|3.0714244691696924,3064|3.048551707198299,3065|3.777311852921456,3066|3.7929851536645467,3067|3.6160602829411217,3068|3.572544191938173,3069|3.426290796850335,3070|3.2623547183720047,3071|3.6795666500032094,3072|3.4598186924102152,3073|2.6486959285300293,3074|3.6564607475782474,3075|4.07142459811927,3076|3.2902213963703124,3077|4.3618042034654145,3078|3.8577445187256267,3079|3.4424893954546514,3080|3.7668020901706405,3081|3.4168360185062996,3082|3.557236076524135,3083|3.537622184150581,3084|3.8173882056618926,3085|3.9260458827496176,3086|3.4771851799810314,3087|3.3736408692764472,3088|3.852264150657624,3089|3.8391568231079978,3090|4.026502601742556,3091|3.7389153243895072,3092|3.878928930397274,3093|3.4667910368349544,3094|3.367553394258654,3095|3.8530085089378012,3096|3.6475871850351314,3097|3.6195517421752355,3098|3.7737405260921757,3099|2.94971823021334,3100|3.5978939469381688,3101|3.8130043139670073,3102|3.7900324010789483,3103|3.0079723614604297,3104|3.608243138618481,3105|3.727019163590989,3106|3.2147336361161236,3107|3.269429001343089,3108|3.576686683223625,3109|2.874278562411425,3110|3.2420632605213084,3111|3.423616796594918,3112|3.2935414742042366,3113|2.7983377738028805,3114|3.909018613507057,3115|3.2076306805173225,3116|3.777311852921456,3117|3.252436655965972,3118|3.2829955803257445,3119|3.2470511078799675,3120|2.998461476041259,3121|3.6399930538962706,3122|3.270988595811974,3123|3.781926304762773,3124|2.8204548811392742,3125|3.5177861611119745,3126|3.3384507810285573,3127|2.9049939696868163,3128|3.777311852921456,3129|3.6337772051769264,3130|2.5777447094917187,3131|3.781926304762773,3132|3.610835854402998,3133|3.085528629571534,3134|3.9413947401215252,3135|3.682695546394963,3136|3.8173882056618926,3137|3.5172105989824223,3138|3.1685638149077167,3139|2.7507757393764942,3140|3.2945326443727416,3141|3.060031184244885,3142|3.5379404777909684,3143|3.4824399897099823,3144|2.684934468106494,3145|3.2265039198358183,3146|2.7181175762757026,3147|4.139165424415496,3148|3.770684742438892,3149|2.473517888516853,3150|3.5318281848164625,3151|3.764427447270247,3152|3.71030117972135,3153|3.3702234500619754,3154|3.7949152878407117,3155|3.27160132799988,3156|2.7015903873773817,3157|2.9075122890032574,3158|3.438053427012173,3159|3.2916182835697967,3160|3.7482422236197634,3161|3.1990018478651088,3162|2.6388257531784163,3163|3.3655484272657725,3164|3.777311852921456,3165|2.8101412377422186,3166|1.7090874810860677,3167|3.547290375005768,3168|3.6744086080837715,3169|3.716346790141566,3170|3.800926515213291,3171|3.6180114459864914,3172|3.1593041343060504,3173|3.0577240631312996,3174|3.4682873758726576,3175|3.473413861544252,3176|3.603517941933873,3177|2.604165282584966,3178|3.6718936117266088,3179|3.336787617226469,3180|2.4327099129977867,3181|3.8618721493292036,3182|3.853830702746445,3183|3.60480534941435,3184|3.7769825865823314,3185|3.2820397318881653,3186|3.449820437948845,3187|3.777311852921456,3188|3.8173882056618926,3189|3.4661580466942676,3190|2.1090536667907354,3191|3.777311852921456,3192|3.4466037638838483,3193|3.8173882056618926,3194|3.1764112670459825,3195|3.777311852921456,3196|4.0514935173278666,3197|3.380154298709585,3198|3.956909278520013,3199|2.989343467165999,3200|3.651219350258424,3201|3.597768612400314,3202|3.2972010654205084,3203|3.7853327148374776,3204|3.8578211363634103,3205|3.33707818664915,3206|2.8904359463073175,3207|3.26997188720391,3208|2.881411591520085,3209|3.777311852921456,3210|3.5838800629924394,3211|3.4939856931954703,3212|3.777311852921456,3213|3.5930065694548317,3214|2.8047091823970898,3215|3.216409242187896,3216|3.2133926775764348,3217|3.45777496881999,3218|3.0835219738771773,3219|3.4692511750640396,3220|3.777311852921456,3221|3.2415424358285394,3222|3.569983760868471,3223|2.9459983287280638,3224|3.8068799055484295,3225|2.24954655482856,3226|3.8173882056618926,3227|3.822195482455564,3228|3.781926304762773,3229|3.7710661244241397,3230|3.8412300300787594,3231|3.781926304762773,3232|3.0818645509765443,3233|3.781926304762773,3234|3.781926304762773,3235|3.150551941529682,3236|3.800926515213291,3237|3.8173882056618926,3238|2.4814622970196116,3239|2.4744750187794944,3240|3.101694852871779,3241|3.2268914725096733,3242|3.1968049272030505,3243|2.5315852720289183,3244|3.3872711865513665,3245|3.3647744629749163,3246|3.816768635927847,3247|3.0201569789961566,3248|2.5626912897676952,3249|3.4219016571458676,3250|3.4755594462709873,3251|3.415067616603194,3252|3.7553523108262117,3253|3.315179586349302,3254|2.853077274831514,3255|3.4238237153587257,3256|3.803148072296709,3257|2.8130336464911316,3258|2.657501264621369,3259|3.158295382529374,3260|3.398345506442663,3261|3.2279902816653534,3262|3.27588219044587,3263|3.245471430226079,3264|2.9562697874806614,3265|4.156752441723842,3266|3.609643155800632,3267|3.6528038119781323,3268|2.0212787386870863,3269|3.0173938130793236,3270|3.1355866387066804,3271|3.720955790270968,3272|3.163684540784673,3273|2.7766195679057404,3274|3.4435628685946673,3275|3.7621709995072505,3276|2.9472641974120495,3277|3.777311852921456,3278|3.8173882056618926,3279|3.869332506491621,3280|3.9260458827496176,3281|3.94941614583296,3282|3.5922501060190575,3283|3.125439378618802,3284|3.4495919217617628,3285|2.689843827300196,3286|2.23965069297706,3287|2.6597542324746346,3288|3.777311852921456,3289|3.4515539530434833,3290|3.781926304762773,3291|3.9129294214103147,3292|3.6800376586264054,3293|3.7668020901706405,3294|3.9260458827496176,3295|3.3050452156426475,3296|3.6547881345760143,3297|3.8173882056618926,3298|3.5514938146906534,3299|2.4005075742655517,3300|3.064223040798839,3301|3.246833974464042,3302|3.560309293901757,3303|3.509052326791948,3304|3.4890182564416223,3305|3.9536268405005135,3306|3.7766399738913816,3307|4.024891137861041,3308|3.0202760118698206,3309|3.0213776986713263,3310|3.8157315241189256,3311|3.9796820444630043,3312|3.777311852921456,3313|2.2858346920252686,3314|3.8305601600801484,3315|3.867461254635124,3316|3.1382659643186126,3317|3.660276075587629,3318|3.7997179806385137,3319|2.844147642675061,3320|3.1190469334890576,3321|3.781926304762773,3322|2.9557552781202805,3323|3.0511592827042184,3324|2.7866567434631246,3325|2.4790738962249312,3326|2.7341260049433256,3327|3.675222240252185,3328|3.5161836779694147,3329|3.546925884573215,3330|3.675886039008133,3331|2.228249081869685,3332|3.8486880403873487,3333|3.4996217837863375,3334|4.174717275963152,3335|2.1547319299395387,3336|3.777311852921456,3337|3.730605204567636,3338|4.537536233728114,3339|3.7520835564388415,3340|2.760323340593581,3341|3.75910580838948,3342|3.745957972633894,3343|2.3425605734301946,3344|2.76102315084707,3345|2.875372838418386,3346|3.9260458827496176,3347|3.715961684775646,3348|3.921006606620846,3349|3.3095473439617256,3350|3.7897896018655386,3351|2.8083004420495143,3352|3.777311852921456,3353|3.733612583455737,3354|2.5386687520071254,3355|3.164734503015759,3356|3.8173882056618926,3357|3.495359610065348,3358|3.546470679463656,3359|3.736832797023688,3360|3.7677107547643685,3361|3.565932669604911,3362|3.877159204546426,3363|3.769676004846084,3364|3.933121243510373,3365|3.9997378422680625,3366|3.8670325805658727,3367|3.3233783249346756,3368|3.791546273679979,3369|3.8777586627354914,3370|3.570282865151164,3371|3.4279880371506666,3372|3.35504972137677,3373|3.800926515213291,3374|2.5279430703487105,3375|3.4367072956774383,3376|3.8027112938608973,3377|3.7949152878407117,3378|3.527882827505656,3379|3.913282192069139,3380|3.8494464263286012,3381|3.730605204567636,3382|3.777311852921456,3383|3.8305441305337427,3384|3.881614603783837,3385|2.6272631151793413,3386|3.8222596737910246,3387|2.713006913943194,3388|2.5107948441205643,3389|2.459502801085128,3390|1.7432942598557268,3391|2.36761378067113,3392|2.2107292504458025,3393|2.228625659973459,3394|2.779420720007999,3395|2.7256055283248832,3396|3.597835405980251,3397|3.3785180758655016,3398|3.3490930513015265,3399|2.786394652284054,3400|2.6828249025709763,3401|2.0395978777491504,3402|3.4497253862887014,3403|2.728757325922075,3404|3.1948259285670657,3405|3.781228282874431,3406|3.383150096522405,3407|3.730605204567636,3408|3.655404915070669,3409|3.276305818813256,3410|3.2428142355803518,3411|3.777311852921456,3412|3.2494822344820675,3413|3.7710661244241397,3414|3.3027801377975603,3415|3.144704907878591,3416|3.777311852921456,3417|3.1671982268903633,3418|3.5872774692362253,3419|3.2837632895151403,3420|3.6581784625361156,3421|3.9150292088334373,3422|3.177952782986463,3423|2.839358577153564,3424|3.649056806812088,3425|3.164779952463426,3426|3.022105435288605,3427|3.614471126925335,3428|2.770809552598842,3429|4.164010023625522,3430|3.2519836350132207,3431|2.599699439745196,3432|2.5510720812615153,3433|2.3952252011288744,3434|2.297463622413874,3435|4.351674411251837,3436|2.7201651918456347,3437|1.9874910506471295,3438|2.785791204411492,3439|1.9712587389705583,3440|2.119953146929089,3441|3.3254742077647936,3442|2.4036294602447903,3443|3.2514824795470183,3444|3.1654679144163778,3445|3.3719815985973427,3446|3.413276630475737,3447|3.2784451611806387,3448|3.5612151592775323,3449|2.982881330461532,3450|3.3377987759958323,3451|3.739129807038893,3452|2.8279401088953158,3453|2.5480891512625314,3454|2.9262128553828326,3455|3.854911592272842,3456|3.9781677620251985,3457|3.142918023403493,3458|3.738506616896101,3459|2.960223037618639,3460|3.781926304762773,3461|3.7439974333869914,3462|4.004970436520518,3463|2.963884326450569,3464|2.4170582877685485,3465|2.8505855068429717,3466|3.3744851509200338,3467|3.910179127890833,3468|4.000061760610482,3469|4.2419347107719245,3470|3.8574744251415525,3471|3.794580793043219,3472|2.557626400859201,3473|2.877345040388577,3474|3.590494064097669,3475|3.912363441080021,3476|3.780147303857058,3477|2.9345633050270683,3478|3.217986085848228,3479|3.430805962174644,3480|3.4335015041767756,3481|3.727173981388133,3482|3.777311852921456,3483|2.992555382916317,3484|3.0816875056853537,3485|3.9260458827496176,3486|3.0074182302542987,3487|3.714543781077226,3488|2.3236059386668106,3489|2.6579133999145252,3490|3.129835811996071,3491|2.847104074319607,3492|3.5506020301418504,3493|3.9260458827496176,3494|3.710498792853567,3495|3.513026593490576,3496|3.286542856849481,3497|2.8941728794798376,3498|4.030429779819913,3499|3.9466730235127097,3500|2.731983318658095,3501|3.251577740058902,3502|3.355568895865112,3503|3.219572022470101,3504|4.022261922536854,3505|3.92974003823511,3506|3.364391399665066,3507|3.886943044167274,3508|4.00211419684525,3509|2.864751213767469,3510|3.7461886342189077,3511|2.5745963776910226,3512|3.3342872939617916,3513|3.4231940909790826,3514|3.317971624971519,3515|3.1482787813281403,3516|3.620179020985968,3517|3.7710661244241397,3518|2.863477830993355,3519|3.1580968531501297,3520|2.3501760219429366,3521|3.822694072357021,3522|3.777311852921456,3523|3.1347440221425638,3524|3.291000470752204,3525|3.1348619431114075,3526|3.430590504279187,3527|3.4592511710841407,3528|2.8483775225605186,3529|3.447806506235427,3530|3.781926304762773,3531|3.3061079881133795,3532|3.781926304762773,3533|2.528521291523287,3534|3.024099097259609,3535|3.346893218196515,3536|3.6655409387142877,3537|2.988130703999208,3538|3.229540915694208,3539|3.7560781709222635,3540|3.2060994276846126,3541|3.8776512010547837,3542|3.777311852921456,3543|3.6451157245189814,3544|2.976838164977149,3545|3.562491823347478,3546|3.9567561617709957,3547|3.716614881315617,3548|3.5138985341416826,3549|3.576377817790738,3550|3.2817819220254636,3551|4.108452558197595,3552|3.68368921822076,3553|3.2016948336605093,3554|3.1176813288484277,3555|3.5903262116080032,3556|3.6810246121636747,3557|3.384882021768151,3558|3.777311852921456,3559|3.5124218013306088,3560|3.777311852921456,3561|3.777311852921456,3562|2.365396144378106,3563|2.485951514780015,3564|1.8833237491244221,3565|3.0980158038963053,3566|3.3796744217520978,3567|3.302097663803901,3568|3.119769041447162,3569|3.054642993416881,3570|3.777311852921456,3571|3.1301558059449563,3572|1.9399261383486195,3573|2.1451259856943903,3574|1.6545737711122477,3575|3.777311852921456,3576|3.6036939213322183,3577|2.413943247270532,3578|4.00456273967416,3579|3.777311852921456,3580|3.091997254257885,3581|2.9346956874442487,3582|3.777311852921456,3583|3.777311852921456,3584|2.839388355239552,3585|3.6307729050249296,3586|3.2927177119922204,3587|3.0712736340562232,3588|3.0928198819178236,3589|3.9260458827496176,3590|2.909694652052177,3591|3.198164457165568,3592|3.678502906547071,3593|1.6547363747363284,3594|3.0848375756122968,3595|3.0828992607323924,3596|2.5731978932454513,3597|2.6689194431360663,3598|3.2184430789484018,3599|3.393454142557475,3600|2.3162293075716205,3601|3.6811315638673747,3602|2.4749197091159947,3603|3.781926304762773,3604|3.422223935561063,3605|2.686553750649653,3606|3.6945082077536906,3607|3.5903851798721114,3608|3.06589288133355,3609|3.730835430083266,3610|2.2949436498663243,3611|3.424938028482484,3612|3.5388695180146668,3613|3.58109862854885,3614|3.2254473846129867,3615|3.0368438446497583,3616|2.7880287789797658,3617|3.17169085925311,3618|3.188844671046893,3619|3.1719163906412886,3620|3.1510229671554804,3621|3.355987816179622,3622|3.120997122376323,3623|3.2364983823362308,3624|3.60702257664209,3625|3.751524091531556,3626|2.3730224024995588,3627|3.511764025399616,3628|3.181429452862697,3629|3.9733750473615066,3630|3.9260458827496176,3631|3.781926304762773,3632|3.3213358096326626,3633|3.3340269259341597,3634|4.319259534165598,3635|3.577861896956417,3636|2.845511619826468,3637|3.3476750997122475,3638|2.994417294975857,3639|3.5859152141489643,3640|3.049301540045715,3641|3.508934673754446,3642|3.800926515213291,3643|3.2653838155981987,3644|3.5764516108998228,3645|3.1387139602811516,3646|2.4172663912261823,3647|3.777311852921456,3648|2.8608713823539196,3649|3.1959873493817055,3650|3.9260458827496176,3651|3.9260458827496176,3652|3.258382913844006,3653|3.56022380367183,3654|3.7262192245176675,3655|3.640628127048539,3656|3.8777586627354914,3657|3.777311852921456,3658|3.482464773888023,3659|3.1700249671201632,3660|2.7993807314178536,3661|2.5947455277248412,3662|2.3608006332591795,3663|2.24125357354058,3664|2.164575504921057,3665|2.169845939091,3666|3.004398203378068,3667|2.254911529094544,3668|3.679300399864379,3669|2.4527480177371306,3670|3.5501294624582735,3671|3.9334377811656642,3672|2.7558007495364834,3673|2.5427089514273975,3674|2.3298119972204767,3675|3.4353455549134218,3676|3.3429160793019292,3677|4.117652738265109,3678|3.3444257386570673,3679|4.084522650470719,3680|3.685635481481882,3681|3.9749236496980034,3682|3.747849254251744,3683|4.1150881372205905,3684|3.2940828119022036,3685|3.3937692075344796,3686|3.451284171751391,3687|3.1794991013517184,3688|2.822974776548992,3689|2.1747825141397286,3690|2.2297470762725933,3691|2.6398623050630383,3692|2.606294045023621,3693|2.728663095126487,3694|2.3164781078954952,3695|2.3835124305222397,3696|2.8728275920361197,3697|2.884828683285068,3698|2.953691107300116,3699|3.2112175147868527,3700|3.3712946086336304,3701|3.110017569504219,3702|3.4253597271405942,3703|3.5713087807836486,3704|3.0071078537979106,3705|2.8567809229369105,3706|3.6662612613774357,3707|3.0040649673024555,3708|3.0849464271428686,3709|2.4085065717686165,3710|2.35681538100019,3711|3.0681431840136915,3712|3.1496814153765613,3713|3.662850324006893,3714|2.9788791365211225,3715|2.411785377498796,3716|2.649180224951099,3717|3.0615532115387447,3718|3.3951350257592576,3719|3.733612583455737,3720|3.476716260111238,3721|2.4616459391429055,3722|2.9751869270151525,3723|3.6052957197049946,3724|3.5633549539387612,3725|3.301784630626562,3726|3.7454995875766484,3727|3.533831172272494,3728|4.022050593406615,3729|3.4696000557655964,3730|4.134123639147902,3731|3.3752016949869628,3732|3.2936635094762114,3733|3.611271530002937,3734|3.3165175431873615,3735|3.8150168754251936,3736|3.829120370385257,3737|3.9228450443230427,3738|3.590516194791803,3739|3.378220512267805,3740|3.170799951535595,3741|3.8398734383517263,3742|3.7078049458915494,3743|2.643602047657387,3744|3.1206160917576766,3745|3.24944248666076,3746|3.578653911242845,3747|3.7515553910722104,3748|3.733612583455737,3749|3.136709131582542,3750|3.777311852921456,3751|3.5945465290243197,3752|3.0036972108260462,3753|3.3826099291879577,3754|2.586882217097887,3755|3.3179456491395953,3756|3.052392521418996,3757|3.090135081340753,3758|2.9566960038726378,3759|3.1105294492846953,3760|3.1933087251781727,3761|3.367307008880039,3762|3.9260458827496176,3763|3.5865420678090665,3764|2.74853348235653,3765|2.969636517213842,3766|2.4166431242769155,3767|2.1482857623778195,3768|2.2238713883879484,3769|3.3948100375656565,3770|3.4366130462275604,3771|3.211086013507386,3772|3.9260458827496176,3773|2.7336285153417754,3774|2.1852806904490096,3775|3.202739682097885,3776|3.087706603025877,3777|2.59273404593579,3778|3.730605204567636,3779|3.7800622621965996,3780|2.8940391236017504,3781|2.7817528252707593,3782|2.823921320998152,3783|3.978294903488986,3784|2.832607040346745,3785|2.965275054287747,3786|3.1491119099819533,3787|3.4815801685664,3788|3.6924418682561293,3789|3.602128234870143,3790|3.282957742003334,3791|3.142088594842285,3792|3.5761733734581664,3793|3.463603798698945,3794|3.306734549792183,3795|3.3483049891077785,3796|3.3444714633630053,3797|3.401054709896738,3798|3.6374930942693187,3799|3.001021607342569,3800|3.738506616896101,3801|3.99084606984087,3802|2.3672957749043597,3803|3.777311852921456,3804|2.349770891110947,3805|2.742429068282565,3806|3.160315412100189,3807|3.02006919687114,3808|3.352373507572715,3809|3.2723483603343513,3810|3.1545904030693586,3811|3.9252789887887567,3812|3.491278911833943,3813|3.3388041650479794,3814|3.913303908574531,3816|3.398766382412667,3817|3.4089438948775657,3818|3.8404189802887627,3819|3.859593982608965,3820|1.9353143242149262,3821|2.427034218751487,3822|3.4481904750724626,3823|3.4617529314016533,3824|2.3200776919514583,3825|2.7173683002515903,3826|2.765329950009564,3827|3.1394323734624625,3828|3.781926304762773,3829|3.733612583455737,3830|3.0058272092230007,3831|3.4440902537838847,3832|3.391970725019271,3833|2.706390458975173,3834|2.7661078280201155,3835|3.0813586438483838,3836|3.6871146550000766,3837|2.575149057803082,3838|2.3008385690874267,3839|2.554207098467651,3840|2.629849696938132,3841|2.9535538940578725,3842|3.9260458827496176,3843|2.6831138532385577,3844|3.3005958664620736,3845|3.349600355279805,3846|3.030676410238481,3847|2.8196955302378823,3848|3.4438132656823734,3849|4.130859412741621,3850|3.921006606620846,3851|3.772183738116369,3852|3.4983159600043554,3853|3.4966550958803793,3854|3.6225167993030523,3855|3.328236206160523,3856|3.777311852921456,3857|2.8674297356872853,3858|2.8812458542867274,3859|3.726317560360087,3860|3.3808120589074635,3861|2.847551702180459,3862|3.072773899213953,3863|3.4406937120668184,3864|2.4514048156008084,3865|3.3494805320088483,3866|3.781926304762773,3867|2.967226111391269,3868|3.5461271952245883,3869|3.0290264957187967,3870|3.526288102330336,3871|3.7725405147281768,3872|3.788359610405141,3873|3.4039885796429097,3874|3.052779463331871,3875|3.257824030720646,3876|3.2739387288807302,3877|1.9322337632722104,3878|3.17623195449349,3879|2.9572875886456353,3880|3.614514763053245,3881|3.6339483979280933,3882|3.1109938937105213,3883|3.167425088598842,3884|2.25111594406833,3885|3.444289286541112,3886|3.4121825214423795,3887|3.777311852921456,3888|3.4352139338062964,3889|2.35719205162108,3890|3.8173882056618926,3891|3.7710661244241397,3892|2.847067331992679,3893|3.52260105831398,3894|3.3981815991462367,3895|2.662795146418663,3896|3.6365650312891002,3897|3.979800815333748,3898|2.7363316073216413,3899|3.1703999500102418,3900|3.0185736845200424,3901|2.7303932720404145,3902|2.9874793765585483,3903|3.226146579110872,3904|3.777311852921456,3905|3.064375983933317,3906|3.2717310692778216,3907|3.777311852921456,3908|2.2792839154134557,3909|2.6931181051354987,3910|3.6412203277340627,3911|3.770236909192656,3912|2.334585209310011,3913|3.6375362314649458,3914|3.5452231297005534,3915|3.4338259556679684,3916|3.6399311490548776,3917|3.206966665776683,3918|2.773876897782828,3919|2.417121499999339,3920|3.278004427598309,3921|2.3773448920504663,3922|2.271350801383737,3923|2.6360975950941135,3924|2.6136757783390365,3925|3.4233971338126112,3926|3.348898609917826,3927|3.4622739388353474,3928|3.077080757038539,3929|3.717336993569989,3930|3.1551266262816933,3931|2.981960155802688,3932|3.4526204041274138,3933|2.4946256690248623,3934|3.1697679977556956,3935|3.9260458827496176,3936|3.6925718836173154,3937|2.8358562822810116,3938|3.0087270346907484,3939|3.05887925494731,3940|2.8669823832483377,3941|2.958054933638988,3942|2.8353372489551187,3943|3.417651581514232,3944|3.0792357242259776,3945|2.9531839978377237,3946|2.27032305909155,3947|3.7833091104779655,3948|3.402660072046865,3949|3.9125808951238548,3950|3.602045877811193,3951|3.4092105653723683,3952|3.731757063321938