1|4.196482084311369,2|3.518811666681498,3|3.6441988327352837,4|3.5637725478316016,5|3.590556545436686,6|4.076200481666497,7|3.8355036926426918,8|3.724295946606972,9|3.60114725315756,10|3.756355469710698,11|4.02544252875405,12|3.256455322800159,13|3.6942816783729153,14|4.113289211342109,15|2.761913645648197,16|4.331255500737686,17|4.39653306406487,18|3.7944505151920227,19|3.0642415497502262,20|3.096101460798012,21|4.07919210944741,22|3.8219434319324437,23|3.262445648899101,24|3.767153972894439,25|4.190481729787797,26|4.174306704245631,27|3.4047913357204123,28|4.25557046914598,29|4.314172006306803,30|4.113204161117782,31|3.650094595592404,32|4.373474740703887,33|3.7280836841763856,34|4.218672478488966,35|3.9311694845663387,36|4.422177263091949,37|3.3128600623621125,38|2.7805862581761454,39|3.9366618896264765,40|4.321706087717396,41|4.451453035092033,42|3.666969538977422,43|3.9605300220889177,44|2.866475873064246,45|4.028372243953918,46|3.615890982293563,47|4.551734034443712,48|3.3043772810676764,49|3.9411193689670103,50|4.88286283951396,51|4.45228466340233,52|4.151783998404988,53|4.109274545926778,54|2.9176500584772613,55|3.5045260350181824,56|3.2200941422895744,57|3.9628374019619708,58|4.347892516923748,59|4.007637526386729,60|3.3523328493394953,61|3.590166155392133,62|3.9278970583585195,63|3.4158481878719096,64|2.9297449533772895,65|2.9231497716879113,66|2.444903201408729,67|3.878062745238977,68|3.9039907514985934,69|4.125474047970171,70|3.46888014442358,71|2.384382178917278,72|4.164704104068748,73|4.247498099064085,74|3.2352345037601635,75|2.736667456533962,76|3.300093190836828,77|4.277383076145893,78|3.9064953969661045,79|3.4953802918162076,80|4.12927390513362,81|3.883261094712105,82|4.251740400611222,83|4.170091194164826,84|3.5872449150117665,85|3.7297425850668118,86|3.7759233819941196,87|2.6842793520158885,88|3.433816072430333,89|3.5365453131167293,90|3.8290439219851953,92|3.1833089291453547,93|2.9241733440629316,94|4.192883747682383,95|3.3226035960668217,96|4.2494684361608765,97|4.350822905649517,98|3.139642877977022,99|4.097316276358377,100|3.784983144456469,101|4.333760981998713,102|2.704098807422501,103|3.736546170997882,104|3.762612762394191,105|3.6568363826670467,106|4.6273687011492335,107|3.5408113589204655,108|3.910601000971603,109|4.399878081370863,110|4.553582941078783,111|4.714360024387807,112|3.852674430387679,113|3.66878355481797,114|3.856333458000498,115|4.399878081370863,116|4.677180224890275,117|4.185148084042652,118|3.5219658066317763,119|3.257444937587419,120|3.4730303766201365,121|4.433805502169609,122|3.453165025949424,123|4.25902125459035,124|4.3878683814864345,125|4.154657000678439,126|2.49028897169251,127|4.3878683814864345,128|4.383840162937281,129|3.551502655533083,130|4.3878683814864345,131|3.5169033029244368,132|3.021466423347306,133|4.358324078599203,134|4.389633221467966,135|3.340150725580339,136|4.433684720655343,137|3.586045442478679,138|3.8538029017591633,139|4.4220862055074734,140|3.504522856713238,141|3.9040948775499382,142|4.3878683814864345,143|4.3878683814864345,144|3.909375645001246,145|3.6984955314654573,146|3.3277688696309458,147|4.143599235028823,148|3.7962582879321536,149|4.078434870917776,150|4.398865671054519,151|3.9448543405403997,152|3.4761928804626985,153|3.0194483543898545,154|4.164959562337867,155|3.821545825638161,156|3.9965612773852612,157|3.5083301346942424,158|3.098598894907515,159|4.015027749473321,160|2.5534267072818952,161|4.145042797598297,162|4.542527415167559,163|3.7223817211251466,164|4.023895514040451,165|3.8061074959007097,166|3.4605351787920373,167|4.6683777675604725,168|3.1342062453586195,169|2.5868608500974917,170|3.388610561044143,171|4.005116385119254,172|2.9831320647827386,173|2.6489387028235125,174|2.868927288270254,175|4.067699565579231,176|4.221313749326082,177|3.226590507503621,178|3.9254366426604,179|3.1344937810772917,180|3.833138900537574,181|2.0658405028466444,182|3.5276120343084396,183|3.98895334512874,184|3.8796417093992672,185|3.3143924965823324,186|3.2744917670919262,187|3.8227379480724744,188|3.53895515011344,189|3.765283885053112,190|4.031947456939627,191|3.3894203206893945,192|4.040729553557165,193|2.8067819265318343,194|4.196094006599866,195|3.380809427354306,196|3.159727761918286,197|3.7124851324347303,198|3.8159640957901297,199|4.465785064449294,200|3.2227526892395106,201|3.1404478884138545,202|3.3536415741447607,203|3.3368210806357013,204|3.099043095133447,205|4.2274674299525445,206|4.25827306338019,207|3.4333159232333954,208|2.9231360295406414,209|3.1285934164619134,210|3.4173940418270803,211|4.252186160688907,212|2.599983683252291,213|4.303307257715714,214|4.589354577644116,215|4.223793051041953,216|3.522030597384057,217|3.20876820092681,218|3.6578786216081944,219|4.104835001004856,220|2.595333247592727,222|3.8555111295545794,223|4.41877084709162,224|3.8003409346540447,225|3.5996649649079693,226|4.456150301643851,227|3.023751819802503,228|3.210593932168699,229|4.041498950660367,230|4.029296353119243,231|3.6013948732677328,232|4.3762089903194346,233|3.998579210285709,234|2.9688576998295337,235|4.189775873248768,236|3.640430002304128,237|3.674736222017649,238|3.1831226934059837,239|3.579056941118911,240|3.217288366924441,241|3.7816297774989662,242|4.094903254182185,243|3.008855000216328,244|3.044285769309676,245|4.111473141655718,246|4.701238120172037,247|4.404309659920564,248|3.249098253421743,249|4.134950680313446,250|3.426685160386758,251|3.815771137027643,252|3.539137436208574,253|3.8785851361090784,254|3.588998154087178,255|2.6985190397915186,256|3.032584355610806,257|3.7032647524735713,258|2.826107722018115,259|3.53050862530889,260|4.660309903766459,261|4.0882489644064535,262|4.042233340181629,263|4.199015093221568,264|4.175511709470256,265|4.207089761523586,266|3.8991339159756047,267|3.3742463678520433,268|3.8559421116368746,269|4.26749477152871,270|3.486734892517354,271|3.7033548422298774,272|4.096261956335695,273|3.4737390884843022,274|2.8991457124222584,275|3.3940213624940787,276|3.1382221753608337,277|3.7966311360864324,278|3.5538539640932516,279|4.0465107449110285,280|4.215366082440029,281|4.080057719012148,282|3.817878302767145,283|3.7577293012302295,284|4.467088863621585,285|3.428827937155005,286|3.2611565979793125,287|3.5726450346663663,288|3.5855596493372928,289|3.585237964182066,290|4.302151044407211,291|2.6041457183399945,292|3.5720853941066943,293|4.529301278844456,294|3.5230720465605625,295|3.6245452667805234,296|4.6823062399337765,297|3.6631701069503233,298|3.9765001203484935,299|4.2097879118859804,300|4.245392921549728,301|3.887234936630122,302|4.2492075862997964,303|3.435075504476118,304|3.585984126228876,305|3.3179986624400764,306|4.483720062660716,307|4.439006631811001,308|4.1799958487710525,309|4.036515479446872,310|3.421274163668744,311|3.424769733030467,312|3.3710636442526267,313|3.1926764101052005,314|4.151169384971383,315|2.8843123571167943,316|3.579502412055927,317|3.457287982057106,318|4.942362130250386,319|4.34300515823891,320|3.5601665185748663,321|4.2592147578281345,322|4.280788132037224,324|4.083394624210411,325|3.096411058230649,326|4.669930546593616,327|3.0648589807517403,328|3.2285624968764166,329|3.5719343527128258,330|3.125188747657156,331|3.8028714825030416,332|3.0715255385848406,333|3.862218231881644,334|4.14285923869058,335|3.8324876259127354,336|4.3899211137308,337|4.303516476840411,338|3.1690628433610764,339|3.6681862451876492,340|3.8784644471432834,341|4.248265025673967,342|4.235666661919861,343|2.901227375212064,344|3.5177500869881735,345|4.202825117491525,346|3.905627206520886,347|3.8489405337552043,348|4.1288684711191515,349|3.917517153175348,350|3.853034196540941,351|3.7534866259556114,352|3.9138014287617477,353|3.822055396817574,354|3.6595791984882236,355|2.538104036113638,356|4.479813982929411,357|4.107383464276307,358|3.5572020681624723,359|3.844721144706191,360|3.3089270969274467,361|3.8757784644518667,362|3.7286162187368967,363|4.650742274223948,364|4.1465488070695296,365|3.5439201968881697,366|3.2121283623243073,367|3.6293530026775596,368|3.7704049333060063,369|3.9959173618799935,370|3.3534607291768603,371|3.8066963561821554,372|3.863426493885503,373|4.17310715556727,374|2.479306337287003,375|3.967227513024286,376|3.5317192638823496,377|3.766768148906152,378|3.4042237486760456,379|3.1805195937305717,380|3.8898717339721105,381|3.6681323584991024,382|3.512362761717366,383|3.489529838397093,384|3.8476238985533473,385|4.277960475605087,386|3.193302360241961,387|3.214123123747678,388|4.168454270259476,389|4.130559711081986,390|3.9685194212256234,391|3.6795715164612717,392|3.1172909653041807,393|2.5238639675757977,394|3.964406479545568,395|4.3878683814864345,396|4.3878683814864345,397|3.5388238770737717,398|4.2129089370498845,399|4.3878683814864345,400|4.3878683814864345,401|4.466889030389604,402|3.694896546473191,403|4.32832268025598,404|4.389633221467966,405|2.641999573849971,406|3.7325042879410075,407|3.6345815825175727,408|3.548550944662625,409|3.6108567114938825,410|3.3625526576236853,411|3.5170643663000103,412|4.00090935783124,413|3.355698609182113,414|3.053197855820687,415|2.909993152402212,416|3.161972941976936,417|3.8566120730167297,418|3.0653535762453314,419|2.8907457437141044,420|2.923454727814466,421|4.0247466191211165,422|3.8734381444093664,423|3.5289467386348523,424|3.1774916277948053,425|3.7738050572097412,426|3.4655339258331423,427|2.9372090712748538,428|4.4373092653470545,429|2.962531766448074,430|3.0427689467381063,431|4.3531028573288,432|3.0849951700497464,433|3.308725913424891,434|3.3071365734134046,435|3.0323098558103343,436|3.364077936349455,437|2.8709729047397534,438|3.154857706848057,439|3.5755141415726848,440|4.103958616667396,441|4.197544203815315,442|3.2007408392907495,443|3.394956792992099,444|2.877115138445527,445|3.462710494368257,446|4.394366176340868,447|3.2733037407680947,448|4.138949089248767,449|3.9764083938066106,450|3.8572534250837527,451|3.804862766795191,452|3.9417841188658604,453|3.504119067427174,454|3.8755002443202224,455|2.9689028718484316,456|4.398752805003315,457|4.3874640663081195,458|3.479580861844883,459|3.391580810679015,460|2.7539557655308853,461|3.7169212958193025,462|2.9811275355151414,463|3.3600796071663535,464|3.1565308416897446,465|4.046032763840814,466|3.1978025140785524,467|3.564205244127854,468|3.7938985805907537,469|3.4486638225007393,470|2.773164488855454,471|4.230768431688618,472|3.433101155185601,473|2.819396316430104,474|4.25535284046569,475|4.355724267234448,476|3.636413030525108,477|4.008594199164889,478|3.1305552712707962,479|3.446539490264694,480|4.008580632649127,481|4.024540572467725,482|3.8514945722675433,483|4.25445082240595,484|3.0483875246674454,485|2.9883961952302087,486|3.064953778534857,487|3.1803394495120645,488|3.8748189224402108,489|3.0832579908183337,490|3.809190071737944,491|3.8678846659723742,492|4.21575426407977,493|4.289007897041199,494|3.587481858745913,495|3.7781406392276313,496|3.7532488449240957,497|4.327259630483526,498|3.432237242875062,499|3.4153026887515168,500|3.8789121908311603,501|4.354289474383709,502|2.456549791529962,503|3.8476202689763426,504|3.228630940357654,505|2.996379939291586,506|4.0697727769189775,507|4.012677795232371,508|4.260444595236896,509|4.027340597324816,510|3.045825208853737,511|3.5064129071754526,512|3.2917236662139873,513|3.5412973913962196,514|3.9345261306000188,515|4.310482071487227,516|3.5107024346136306,517|3.4984696029809337,518|3.2010735788824416,519|2.350729781652615,520|3.414283149490841,521|3.997087195816432,522|4.25264679199266,523|4.161066563462469,524|4.028878315038982,525|4.191730537643389,526|3.424051428191082,527|4.929443660633794,528|3.255049159959225,529|4.412264879853327,530|4.3878683814864345,531|3.9830024251440275,532|3.6266105663379378,533|3.024225425209127,534|4.174256004019165,535|4.320305018571719,536|3.9544261417311475,537|3.5635204467122494,538|4.229653645966521,539|4.078451628463109,540|2.954465838431896,541|4.602880783265436,542|2.9878113876491765,543|3.647330114114185,544|3.1859532647272006,545|3.7660018037291403,546|2.364367851350713,547|3.147433285425781,548|2.9625667895407677,549|4.318127283013343,550|3.6169145052746634,551|4.159396579772159,552|3.6166671598913283,553|4.252100909062279,554|3.501162516998934,555|4.366740958870844,556|4.630253076859292,557|4.3878683814864345,558|3.199215941871026,559|4.1002728581638355,560|4.3878683814864345,561|3.8964851095906248,562|4.524661759513342,563|3.9096735220306673,564|2.7012735196347943,565|3.823402093304601,566|3.4483233253595653,567|4.3878683814864345,568|4.008660966603415,569|3.488836013230265,570|4.0686224469794485,571|4.1236144258437655,572|4.3878683814864345,573|4.025619386634119,574|4.149096606397345,575|3.7761053792198562,576|4.399878081370863,577|3.5713561185781577,578|4.342397507259667,579|4.456150301643851,580|3.8782854200871157,581|4.348738585907414,582|3.9359840394904557,583|3.98901653853711,584|4.3878683814864345,585|3.5847474210024592,586|3.7904972544158797,587|4.130475850575716,588|4.026473076940595,589|4.0337053704463335,590|4.782723710014772,591|4.45228466340233,592|3.968645262682252,593|5.024954819980327,594|4.023797223626357,595|3.9929592323928174,596|3.9713473373703483,597|4.029830253826139,598|3.946024574470056,599|4.222884090747427,600|3.42757826300634,601|4.018520491531721,602|4.550602414395861,603|3.5191138945630094,604|4.389633221467966,605|3.4974293281437374,606|2.808494520189438,607|4.3878683814864345,608|4.826198446477496,609|2.941434787527104,610|3.8120163582836715,611|2.84220813049974,612|3.2035801353371283,613|4.009462239435344,614|3.1537319743997,615|4.3622183492388125,616|3.7804813435520437,617|4.288486768423664,618|3.7996298691189447,619|3.099460743036711,620|4.3878683814864345,621|3.871638738812379,623|4.400598243470008,624|3.9445081290967723,625|4.3878683814864345,626|3.1589016446538625,627|4.155337546447774,628|4.290264530992429,629|4.3878683814864345,630|3.7822107278749204,631|2.634712173860523,632|4.5685969154792225,633|4.175222886577034,634|2.304692443705167,635|4.073298650072401,636|4.3878683814864345,637|3.1568443233991745,638|3.4526185961516838,639|3.389143478288953,640|3.60239159684195,641|3.5523531510188198,642|4.3878683814864345,643|4.399878081370863,644|4.399878081370863,645|4.044877383332788,647|4.081129889542284,648|3.6216482413221875,649|4.3852842402122505,650|3.84428111776427,651|3.631737875160144,652|3.4700003564554835,653|3.3009293141341267,654|4.346237409476547,655|4.399878081370863,656|2.948078555649941,657|4.358324078599203,658|3.9370424277594913,659|4.055740214240755,660|3.672648191510819,661|3.6054801871920557,662|3.48198528555314,663|3.9066354529722207,664|3.551728891004159,665|4.423942243897046,666|4.118816783555528,667|2.597086641263262,668|4.429100454276053,669|4.3878683814864345,670|4.294924807645635,671|4.112327166256484,672|4.3878683814864345,673|3.047877363728964,674|3.3440860142263746,675|4.45228466340233,676|4.3878683814864345,678|4.747280069764608,679|4.059051751347776,680|3.958619558792038,681|4.247399696908072,682|3.9423246332991395,683|4.389633221467966,684|4.3878683814864345,685|3.9780975402813814,687|3.927793310129387,688|2.8255131338907207,690|3.904437367587594,691|3.3219310798466495,692|2.679473041213068,693|4.3878683814864345,694|3.0686317694428316,695|3.6743618726283414,696|3.6174119684679624,697|3.1514116686594598,698|3.7137928607133843,699|4.3878683814864345,700|3.860442165594565,701|4.031936190532604,702|4.020080029751698,703|2.7698537297577577,704|2.976183009462683,705|4.189810998458109,706|3.7929191418625936,707|3.6026729119772405,708|3.719951422612513,709|3.4617642469482313,710|3.174694584250342,711|2.779022878777252,712|4.165766877102859,713|3.9874617588107952,714|4.431812315617524,715|3.969341318216183,716|3.452627553058766,717|3.840565048207842,718|4.073449867404635,719|3.0675357385804234,720|4.7180771621799105,721|4.3878683814864345,722|3.7470717477421394,723|4.3878683814864345,724|3.290508698493015,725|3.483719904484422,726|3.8566087074290225,727|4.389633221467966,728|4.189112383332776,729|3.8705802590593814,730|4.3878683814864345,731|3.4432001361656304,732|3.613791423033197,733|3.826444665166253,734|3.743256073114974,735|3.7783526265240726,736|3.1733361141349334,737|2.5105296374895705,738|4.3878683814864345,739|4.399878081370863,741|4.482322399020328,742|3.11364978289875,743|3.3371231586521666,744|4.3878683814864345,745|4.987319317728586,746|4.2800078742373815,747|2.6086935910616895,748|3.421879679300919,749|4.3878683814864345,750|4.9508343791294,751|3.837329507059634,752|4.361414409856703,753|3.6960334944173105,754|3.4110277929869453,755|3.7765407219286677,756|4.121936151869608,757|3.936025739722217,758|4.3878683814864345,759|4.626708111982058,760|4.353628548731368,761|3.0672452466684583,762|3.0632207535705533,763|3.9130889498825523,764|3.959583819607767,765|3.6617424795411866,766|3.8628642398733453,767|4.3878683814864345,768|4.3878683814864345,769|4.389633221467966,770|4.3878683814864345,771|3.9394383446369767,772|4.399878081370863,773|4.3878683814864345,774|4.3878683814864345,775|3.5402064624219003,776|3.860518555369195,777|4.430140547703109,778|4.412726703514901,779|3.093361581769801,780|3.6083924845668203,781|3.9339606176014295,782|3.165648194354213,783|3.470209926321475,784|3.5327018678139788,785|3.8712654830268973,786|3.3961055304227186,787|4.024304422341789,788|2.995578976187959,789|3.8682964989236,790|3.918131730861716,791|4.157268054559365,792|3.622712230343241,793|3.3900391500556224,794|3.921195696848386,795|4.3878683814864345,796|4.3878683814864345,797|3.986613411845584,798|3.1168804011231517,799|3.9411429829990077,800|4.552257053609535,801|3.45134350036761,802|3.6225462799569286,803|3.958459804288543,804|3.45935115991915,805|4.001261833876303,806|3.55995904175046,807|4.061940304127257,808|3.273287592702016,809|2.977125178555095,810|2.1513811850745364,811|4.399878081370863,812|4.3878683814864345,813|3.2940199457524977,814|4.3878683814864345,815|4.457726350638094,816|3.8978905900781493,818|3.1907421635344373,819|3.997847502043889,820|3.8934639779631275,821|3.8106965205992265,822|4.3878683814864345,823|3.8733548538054476,824|4.248082136953439,825|4.361414409856703,826|4.3878683814864345,827|3.7286000179259267,828|3.650583385599994,829|2.8732969118591933,830|3.2504503512315956,831|4.437695432908108,832|3.8383977184104534,833|3.076793747745226,834|3.6054601068512624,835|3.652565261017866,836|2.874168294409186,837|3.711411694238599,838|4.109599062648378,839|2.909794448336014,840|3.1873596806066624,841|4.3155977354634025,842|2.9680070918271104,843|3.931474223810496,844|4.0396440718067765,845|4.081577467947761,846|4.128868883712694,847|2.9728260241741005,848|4.090301163531952,849|2.837403660607378,850|4.1885132398461655,851|4.023360392847509,852|3.662273432600494,853|4.240457195638035,854|3.742823439862158,855|4.3878683814864345,856|3.8203169746676364,857|4.3878683814864345,858|4.9173960373313,859|4.389633221467966,860|3.9840110118631427,861|3.855260534587831,862|3.8141933937083974,863|4.0414205074527985,864|3.825487834040465,865|4.083361341777447,866|4.287460501707679,867|3.0515961283560995,868|3.9197041192561812,869|3.5974462938269687,870|2.693554101194233,871|4.084926004001598,872|3.9957397381738597,873|4.3878683814864345,874|3.7061899001088383,875|3.5686600393063763,876|2.9412832212507105,877|4.089592867869381,878|4.3878683814864345,879|3.137136395908291,880|2.8469765848251463,881|3.031074742727143,882|3.600035463168846,884|3.811675715035559,885|3.075161963543474,886|3.525941390397768,887|4.3878683814864345,888|2.9478053484030413,889|3.780436642722564,890|4.456150301643851,891|2.7016916920637932,892|4.151409830693311,893|4.171325127318531,894|4.400598243470008,895|3.747180641674988,896|4.126490080530794,897|4.218373825034375,898|4.628378025123388,899|4.60614120252609,900|4.214704104278124,901|4.029298269421624,902|4.487700633181128,903|4.406576493105376,904|4.673337581443256,905|4.677732557990613,906|4.524606459520297,907|4.102214435115814,908|4.655648185724847,909|4.58131970064375,910|4.552911670728207,911|4.549232761975772,912|4.728139787707047,913|4.633313569702032,914|4.499326081567359,915|4.382104455645452,916|4.5977971901992944,917|4.0357772585383405,918|3.7834170507894935,919|4.338333203462534,920|4.336678510057662,921|4.271596293183666,922|4.752393357822108,923|4.645262488855387,924|4.352565932362361,925|4.003858560105423,926|4.598072848673358,927|4.575698111134253,928|4.5246595979784345,929|4.258741358821771,930|4.709425186031721,931|4.308137923018478,932|4.217967333275394,933|4.487390803618857,934|3.928189893276036,935|3.7839471694562223,936|4.380869066480833,937|4.3117920692036344,938|3.916810840791851,939|4.054262446969302,940|4.2027256211846655,941|3.5166176567963543,942|4.693964669786938,943|4.259775423011802,944|4.229955361126634,945|4.468990643379875,946|4.350433503817046,947|4.403815814054568,948|4.231132255054008,949|4.383884798007168,950|4.554991644105064,951|4.661266357688076,952|4.118548838700326,953|4.621832562168371,954|4.688296106178305,955|4.440519663657218,956|4.128205808644358,957|4.313394928393599,958|3.7225237322636886,959|4.427533061274789,960|4.16258445554082,961|3.512512823003716,962|3.915554245118345,963|4.045550405158179,964|3.7495579461888635,965|4.541894525919188,966|3.843282725751254,967|3.8029468433897486,968|4.062434415875632,969|4.677686131737694,970|4.092981111526676,971|4.57398892980564,972|4.014858973737279,973|4.437327243838644,974|4.502524380656202,975|4.406727149449177,976|4.100344866071312,977|4.3910225426139,978|4.3878683814864345,979|4.3899211137308,980|3.546868968980534,981|3.46046541052373,982|4.276236327872799,983|4.400598243470008,984|3.453060768825557,985|4.190807021989635,986|3.952593685905954,987|3.4267885306809927,988|3.87357650787804,989|4.185964498461356,990|3.0826500862995863,991|4.066931187782389,992|3.1061343649717332,993|3.6984966253748466,994|4.2982307523142165,996|3.443840389432196,997|3.8304244252616497,998|3.7059599122416693,999|3.8691835895752584,1000|3.5428290020031348,1001|4.399878081370863,1002|4.234758305846301,1003|3.5733316093154146,1004|3.1383698889356184,1005|2.9058320217569413,1006|3.565218553552814,1007|3.288338297592116,1008|3.7673201978165265,1009|3.3512078573046145,1010|3.630659043242676,1011|3.1655956941785712,1012|4.2242518758901415,1013|3.788506979538698,1014|3.7495177914181808,1015|3.765282068223514,1016|3.4654644571435522,1017|3.8150152163894733,1018|3.704885849808681,1019|4.007720339230617,1020|3.554487529712805,1021|3.038318766047845,1022|4.10588718748509,1023|4.20517942499807,1024|3.6185415550186324,1025|3.970130860248833,1026|4.169080318339501,1027|3.6496354096885018,1028|4.165098569292225,1029|4.0757584182966085,1030|3.288597221269421,1031|3.729251058251271,1032|4.216613578520095,1033|4.082698871696294,1034|4.15180672547711,1035|4.24461770187187,1036|4.332948167483927,1037|3.1961879478316106,1038|4.126579831104703,1039|3.4095732727329695,1040|3.989100025414487,1041|4.29862004403266,1042|3.803443392035306,1043|3.307509361038205,1044|3.903915738318471,1045|3.8022415824239855,1046|4.328654598654975,1047|3.9114629050837832,1049|3.7364239024552477,1050|4.326862464144256,1051|3.980317052736351,1052|4.3878683814864345,1053|3.3821518133607507,1054|3.9131287933454253,1055|3.134233905636564,1056|4.09511771235406,1057|4.040784115906696,1058|3.963107200873771,1059|3.941417345027769,1060|4.390673132305807,1061|4.046343188953825,1062|3.884700328786578,1063|3.8342658518037673,1064|3.359342839629412,1065|4.3910225426139,1066|4.525611851191176,1067|3.9914920243787737,1068|4.304915002879284,1069|4.490169494892165,1070|3.8014634743330142,1071|4.021812539338049,1073|4.228217926708599,1075|3.883113871689033,1076|4.372982159133089,1077|4.390739861968179,1078|4.265959297321838,1079|4.429291742989956,1080|4.4084523144212255,1081|4.058558194005878,1082|4.271540621702209,1083|3.8147591165960844,1084|4.620258293700379,1085|4.215580030122487,1086|4.5593729674341565,1087|4.022474816597524,1088|3.4703928465260545,1089|4.5864006146562275,1090|4.600343191874913,1091|3.3069072092513823,1092|3.875966949185427,1093|3.854281846929962,1094|4.27322290490132,1095|4.337399989376946,1096|4.498787828399291,1097|4.229302415002996,1098|3.301403997274961,1099|4.302401727794117,1100|3.1752950183436446,1101|3.890004894709193,1102|3.370001456018644,1103|4.414199869817132,1104|4.634150304375579,1105|2.8270678821294517,1106|4.389633221467966,1107|3.5668402790571516,1108|4.389633221467966,1109|4.3878683814864345,1110|4.440964385326304,1111|4.5657187487992585,1112|4.096207479022319,1113|3.371484426683059,1114|3.4845633376465446,1115|4.358324078599203,1116|4.036367936242369,1117|4.431000532862967,1118|4.365797779482039,1119|3.867094902834375,1120|4.159139516558369,1121|3.552704927358929,1122|4.389633221467966,1123|4.370332689858528,1124|4.155678681526545,1125|4.047311526638029,1126|2.97221022040486,1127|4.039252565762104,1128|3.5098919200347574,1129|3.6733442466358603,1130|3.7345619810429858,1131|4.618101666711247,1132|4.51940956864782,1133|4.358324078599203,1134|3.6747101597482335,1135|3.714742540356832,1136|4.750132742258145,1137|3.718379131501162,1138|4.5127318622422425,1139|4.3878683814864345,1140|4.3878683814864345,1141|4.3878683814864345,1142|4.3878683814864345,1143|3.9618731469227666,1144|4.251363948178449,1145|4.389633221467966,1146|4.358324078599203,1147|4.636379325414496,1148|4.90290026009093,1149|4.552440803618396,1150|4.363932358192484,1151|4.413734300831633,1152|4.297723256958479,1153|3.411986828856447,1154|4.2087834238140545,1155|4.3878683814864345,1156|4.3878683814864345,1157|4.3878683814864345,1158|4.399878081370863,1159|4.400598243470008,1160|4.399878081370863,1161|4.298384604765918,1162|4.401156539268351,1163|4.3878683814864345,1164|3.941243697346769,1165|4.431039287605894,1166|4.399878081370863,1167|3.3928113374098228,1168|2.9362942661042513,1169|4.67333270274165,1170|2.6355827723747707,1171|4.4055113464693845,1172|4.586187154026069,1173|3.9185297772726555,1174|3.8933211975012183,1175|4.499993354777872,1176|4.306534179315578,1177|4.15026133035999,1178|4.9464456315054,1179|4.291339972564329,1180|4.12803017028523,1181|3.4162079144112436,1183|4.079412507541543,1184|4.391608549937141,1185|4.361287803468802,1186|4.051425320568219,1187|4.0650960964103,1188|4.185635619813469,1189|4.596055521072583,1190|3.910606917629406,1191|3.74374321115533,1192|4.57495746727128,1193|4.917701289807535,1194|3.962305009168099,1196|4.485662591306104,1197|4.588317752462718,1198|4.676795261215503,1199|4.501429195061924,1200|4.452884241361163,1201|4.55480015322709,1202|4.203905191456858,1203|4.826093295871046,1204|4.800547789488686,1205|4.509102475941118,1206|4.613178998523724,1207|4.849725874554586,1208|4.762175069794626,1209|4.505210528643577,1210|4.071709564050636,1211|4.461851857271639,1212|4.906799158962821,1213|4.656475120292253,1214|4.477949152165924,1215|4.095842328128021,1216|4.088826386316061,1217|4.780006280799567,1218|4.694338767224516,1219|4.713884866415057,1220|4.218392540435063,1221|4.818732800878767,1222|4.650548589905867,1223|4.668056138518503,1224|4.597235149454958,1225|4.610469492412022,1226|4.382929198199765,1227|4.470935173451574,1228|4.601691662725695,1230|4.572043868244485,1231|4.461716574491801,1232|4.036212575949913,1233|4.730757501868826,1234|4.684185032808145,1235|4.564730751616563,1236|4.5119015476029976,1237|4.666650046609112,1238|4.33441334268871,1240|4.38953441042403,1241|3.985687717603588,1242|4.5768515601244,1243|4.436317654934991,1244|4.494149146953943,1245|4.4840728364643905,1246|4.372365475081204,1247|4.6979310875434575,1248|4.676754077909624,1249|4.538385916208474,1250|4.751841213937109,1251|4.559452354363875,1252|4.7867475620056705,1253|4.601493541297825,1254|4.633809388529219,1255|3.675617079160965,1256|4.620038538371493,1257|4.296070737520308,1258|4.489054754464136,1259|4.62519247408261,1260|4.825785479992464,1261|3.974070035815223,1262|4.69677535671771,1263|4.751550174102357,1264|4.3044352639548435,1265|4.361821275672405,1266|4.5343453619036245,1267|4.7607641503845946,1268|3.907118679935821,1269|4.6393771291882855,1270|4.172807036020718,1271|4.087479236014999,1272|4.650633646747167,1273|4.346328346274192,1274|4.371887503453107,1275|4.045845142661405,1276|4.720153035000594,1277|4.294813468129324,1278|4.541581848357753,1279|4.369763354750644,1280|4.539977810743169,1281|4.814866247700744,1282|4.255242719665471,1283|4.616180082763583,1284|4.706411991844881,1285|4.315510045649104,1286|3.739795992988194,1287|4.262781583089349,1288|4.641222368655182,1289|4.472974680494294,1290|3.8402642868118964,1291|4.180845581777525,1292|4.510087952801046,1293|4.395869166576243,1294|4.394600166263411,1295|4.135569947056534,1296|4.3618656427827265,1297|4.210018889701046,1298|4.024931898946614,1299|4.7068148003716095,1300|4.473439045212959,1301|4.25372395454268,1302|4.282476974341072,1303|4.504518947570887,1304|4.625816497585729,1305|4.3331638643329295,1306|4.002713280437002,1307|4.456308423307732,1308|4.399878081370863,1309|4.346237409476547,1310|4.159516710575039,1311|2.3257527437848093,1312|3.784020608383021,1313|2.8100010993641167,1314|3.672875626539252,1315|3.7692925217374835,1316|4.3878683814864345,1317|3.838036242024682,1318|3.9717682238609493,1319|4.389633221467966,1320|3.4155896054032793,1321|4.160011057626952,1322|2.242545864398221,1323|2.193772010976639,1324|2.037046753503362,1325|2.141615078171026,1326|2.569165055576453,1327|3.2696885435715384,1328|2.558891650645827,1329|3.2479543636950834,1330|3.370144079619337,1331|3.6255330521228695,1332|3.428672045464602,1333|4.399558010794104,1334|3.593626219100766,1335|2.6494779521488603,1336|2.8452543731008335,1337|4.077200132424697,1339|3.6982736170761465,1340|4.352877521651858,1341|3.2466572236434015,1342|3.6333296616809823,1343|4.173323619750834,1344|4.415801516715888,1345|4.118402371641052,1346|3.5411560340783996,1347|3.913542996072744,1348|4.422507478068272,1349|3.7267302134794456,1350|4.029864875939219,1351|4.085709152656751,1352|3.501038168979055,1353|3.3382541407647497,1354|4.3884570959527895,1355|3.476858990827142,1356|3.9493737467291123,1357|4.12407235283541,1358|4.592696387717759,1359|2.7852238046478837,1360|3.892081834011721,1361|4.728390459303733,1362|4.3878683814864345,1363|3.2402434126365875,1364|3.953403948119318,1365|4.317135938482005,1366|3.974561497203422,1367|3.446162291332559,1368|4.3878683814864345,1369|3.8440258071265747,1370|3.7662817696130997,1371|3.432676997668509,1372|3.7005817509593664,1373|3.0729928047243105,1374|4.121458458491114,1375|3.6169232136640783,1376|3.819498176425199,1377|3.3338740809283895,1378|3.8666641005448597,1379|3.421248177778403,1380|3.746181474032098,1381|2.498833828601006,1382|3.1674178783924054,1383|3.2554752276800607,1384|3.6927834083907847,1385|3.5802142990185386,1386|4.359065975341613,1387|4.41048565562331,1388|3.0102988601449674,1389|2.2934733788803188,1390|3.617158068318111,1391|3.479331051142524,1392|4.156847778957767,1393|4.1100597966011705,1394|4.498224966131229,1395|3.945647245104292,1396|4.129292780873463,1397|3.9808112442763357,1398|3.5423198217435923,1399|3.6895262636232635,1400|4.3878683814864345,1401|4.0561051065912395,1404|3.86107356113991,1405|4.0039688430591145,1406|4.113166495787385,1407|4.129167688274105,1408|4.109528821980135,1409|3.6652037830460156,1410|3.761294690840203,1411|4.138200082728552,1412|4.155156264525856,1413|4.076008310805768,1414|3.96831175593267,1415|3.7970440158323915,1416|3.738436247236721,1417|3.8547937569574504,1419|4.187721050278675,1420|4.208925278187123,1421|4.389633221467966,1422|3.5997368948332182,1423|4.170164589500788,1424|4.440964385326304,1425|3.760890886609045,1426|3.292044975775177,1427|3.5344836108398936,1428|4.3878683814864345,1429|3.205417659899826,1430|3.5494528079670937,1431|3.8015594294343087,1432|3.691799494627499,1433|3.4936315862981937,1434|4.440964385326304,1436|3.801987023530435,1437|3.971275808664342,1438|3.4063723909802315,1439|3.408154399292377,1440|3.676221237926484,1441|4.035260182531195,1442|4.010680639232227,1443|4.389633221467966,1444|4.160256117055143,1445|3.4182358422178014,1446|4.6192332666763445,1447|3.8397540233572656,1448|4.389633221467966,1449|4.7277306710789855,1450|4.248593655034008,1453|2.5917307420698155,1454|4.039995604716231,1455|3.831403166157872,1456|2.479006167131171,1457|3.5569179911796853,1458|3.7906780704600944,1459|3.6184420694979176,1460|3.217047753469572,1461|3.0178761887053103,1462|4.389633221467966,1463|3.6777886122269194,1464|3.990013406036686,1465|3.679409634344551,1466|4.297191573346911,1467|4.358324078599203,1468|3.0941311849624284,1470|3.9439337642948913,1471|3.9781501744119074,1472|3.7319836951109107,1473|2.4575592070778907,1474|2.6648620296586474,1475|3.2800052735546377,1476|3.8176651148954175,1477|3.9093889667867288,1479|3.4043605746118253,1480|3.634096990013581,1482|3.8179925239005055,1483|3.292372038973174,1484|4.130424070784387,1485|3.7011641953556573,1486|4.09178963967263,1487|3.1556838640300287,1488|3.4991360422871827,1489|3.215391553965125,1490|4.399878081370863,1493|3.8748176243279326,1494|4.399878081370863,1495|2.0215279459119078,1496|3.8281335702303005,1497|2.369186872055619,1498|3.521534473803751,1499|2.514729357699411,1500|4.259178771307739,1501|3.1586868289188024,1502|3.641288993365747,1503|3.105071388270612,1504|4.095230377405839,1507|4.011533008947997,1508|3.772067213516829,1509|4.271404906989895,1510|4.3878683814864345,1511|3.7522043668071166,1513|3.4409247334611015,1514|3.518047363192493,1515|2.9832030725245726,1516|4.1752073160674765,1517|3.981079075650001,1518|3.7270681408366655,1519|3.6250522399357905,1520|2.904678553515419,1522|4.3878683814864345,1523|3.1836606518773394,1524|4.3878683814864345,1525|2.4067794079142155,1526|3.1197727475546797,1527|3.8843798473274056,1528|4.399878081370863,1529|3.712178490466399,1531|4.220515431051849,1532|3.335530527449831,1533|4.4089294377467105,1534|3.9332699914124385,1535|3.925728501246728,1537|4.342900147428559,1538|3.4515624837416663,1539|3.613611880658167,1541|3.480564462618974,1542|4.022314661628183,1543|4.1824818525211676,1544|3.254642171921303,1545|4.467959561096782,1546|4.0625391838242955,1547|3.9435319856421627,1548|4.3878683814864345,1549|3.270680490385824,1550|3.255394373005681,1551|3.048391788127966,1552|3.5633774126047766,1553|4.399878081370863,1554|3.9748672024068497,1555|3.9712330731183627,1556|2.390812922662031,1557|4.3878683814864345,1558|4.399878081370863,1559|4.3878683814864345,1561|4.399878081370863,1562|2.4530890709894404,1563|4.18882095323746,1564|4.166784826212987,1565|3.5549425662251664,1566|3.5228056168763513,1567|3.7205038618534294,1568|4.373476871525586,1569|3.7058082713805804,1570|3.5276998361256027,1571|4.120602930491324,1572|4.1593799940591865,1573|3.7341176345879683,1574|3.649970249361213,1575|4.114098320766906,1577|4.3878683814864345,1578|4.444766474826659,1579|4.3878683814864345,1580|3.971360917858201,1581|3.181069861776442,1582|3.483689252485283,1583|2.914791418503013,1584|4.094309841246909,1585|3.5941132412000236,1586|3.431198724356068,1587|3.47910849889006,1588|3.185438333253815,1589|3.8774104808643637,1590|3.136665766923994,1591|2.9698706994153885,1592|2.8957574956722483,1593|3.193235848651534,1594|4.201022060276486,1595|2.427015995240348,1596|4.143707031084414,1597|3.7521379757257742,1598|3.154462162223727,1599|2.1931542257829872,1600|3.234580931592413,1601|3.3245951966134677,1602|2.674423844937893,1603|3.037803959870971,1604|3.0177677410677677,1605|2.9805385820476316,1606|2.458453988540276,1608|3.6958113274470317,1609|3.4476485162259918,1610|4.341495792248709,1611|4.065807544415215,1612|3.6461560571568383,1613|3.964359966367102,1614|3.6400747478876934,1615|3.8341021562699558,1616|3.4983330085177666,1617|4.623867317385574,1619|3.9058612130144175,1620|3.8008444692763277,1621|3.5531100738685875,1622|3.7490311807831347,1623|2.671032680555855,1624|3.497909091013491,1625|4.053326417515744,1626|2.992855154880516,1627|3.6500548810476454,1628|4.3878683814864345,1629|3.5291165483372158,1630|4.358324078599203,1631|3.665181761204317,1632|3.334760334446418,1633|3.8960851230001365,1635|4.287992700034532,1636|3.654992686794635,1639|4.161372452505588,1640|2.9634539279196366,1641|4.284610908436824,1642|3.6051270571166456,1643|4.264486287899873,1644|2.9062814202676934,1645|3.779564439136498,1646|2.965443795299766,1647|3.4240413203173734,1648|3.9618922984804072,1649|4.354450742798749,1650|3.8199908275249363,1651|3.7607265217707573,1652|4.012953099751563,1653|4.170926559389782,1654|3.3755687915692034,1655|3.055627168351778,1656|3.2912841976104255,1657|4.146759926586624,1658|3.520044355979932,1659|4.138988986391118,1660|4.021456038463418,1661|3.6168331905638977,1662|3.4560154173051183,1663|4.211945295229598,1664|4.238903182606757,1665|3.163118196957111,1666|3.1905996662523095,1667|3.469266031978744,1668|3.153451727923606,1669|4.400598243470008,1670|4.2228352080568765,1671|4.049819289090713,1672|4.003878820232686,1673|4.342852761573255,1674|4.338750385920686,1675|3.9526097134869405,1676|3.3338049350943026,1677|3.555275997564989,1678|4.103585097883574,1679|2.536454470944176,1680|3.899644397506116,1681|2.459540784405591,1682|4.353428535355703,1683|4.056591915578411,1684|3.9388627362844217,1685|4.043332225714254,1686|3.7497463438603176,1687|3.548806445701351,1688|3.5850825549437806,1689|3.7441765949878434,1690|3.348442642922196,1692|4.450374467023673,1693|4.14627148693278,1694|4.235951639186091,1695|4.173098508042959,1696|4.171313223829079,1697|4.444766474826659,1698|3.9178783060056857,1699|4.061569923125408,1701|4.129476152039116,1702|2.80268805472361,1703|2.9513502947272015,1704|4.517595772002466,1705|4.3878683814864345,1706|4.3878683814864345,1707|2.312855129716322,1708|4.3878683814864345,1709|4.456150301643851,1710|4.3878683814864345,1711|3.7290392019413123,1713|3.3354806629889078,1714|4.400598243470008,1715|3.654519886565968,1716|4.3878683814864345,1717|3.2779179638396325,1718|3.12764298065224,1719|4.54606793805167,1720|4.3621814749101855,1721|3.8015387425906857,1722|3.7075007484576386,1723|3.8738410744252088,1724|4.3878683814864345,1725|4.01337822609646,1726|3.2646700985069117,1727|3.421154314762589,1728|3.955411040456344,1729|4.215754210889676,1730|4.1494693245433805,1731|2.167169699666542,1732|4.274661681573012,1733|3.5745251494903654,1734|4.317422410312901,1735|3.806956849086726,1738|4.399878081370863,1739|2.1780857134234024,1740|4.4220862055074734,1741|4.3878683814864345,1742|4.444766474826659,1743|4.425972279115592,1744|3.0013951107645944,1746|3.096169110800963,1747|4.027303383660891,1748|4.274853356628417,1749|3.539926855365163,1750|2.756039912191536,1752|3.158366490461992,1753|3.6856743585528786,1754|3.8545775858192126,1755|3.9056337799304197,1756|3.024043606914823,1757|4.000641453954907,1758|4.3878683814864345,1759|4.526219704607929,1760|2.2116474048942796,1762|3.0892272090649513,1764|4.451774496180858,1765|4.397183276309253,1767|3.4825225957266954,1768|4.3878683814864345,1769|3.36659200259252,1770|3.518613975872366,1771|3.2796128170530814,1772|2.990363754898741,1773|3.823664340650091,1774|4.358324078599203,1776|4.3878683814864345,1777|3.838116312598533,1779|3.053904160360982,1780|3.712770941366131,1781|4.3878683814864345,1782|4.361414409856703,1783|3.4893346242972756,1784|4.387227861607026,1785|4.036611098705528,1787|4.389633221467966,1788|4.267062711171365,1789|4.3878683814864345,1791|3.378566594505374,1792|3.534218373783734,1793|3.6018669108423587,1794|3.854087168614493,1795|4.147458939003417,1796|4.4220862055074734,1797|4.331745856890664,1798|3.071158023287885,1799|4.078248954922647,1801|3.2987004308275845,1804|3.5671702402111483,1805|3.695846235711435,1806|3.39472366522865,1807|4.267166663456123,1809|4.482570942947905,1810|4.077144561997265,1811|3.9241975241671168,1812|3.7156189154139776,1814|3.5066777583073554,1815|4.3878683814864345,1816|3.591944585440873,1817|3.66168807602071,1819|4.3878683814864345,1820|3.902745999574744,1821|3.618054086472781,1822|2.7293909303763084,1824|3.860381696421257,1825|3.13426271772095,1826|2.2786701311278805,1827|4.479892043159807,1829|3.537776686156166,1830|4.399878081370863,1831|3.006049931026096,1832|3.8123572768342067,1833|3.502835255771013,1834|4.452219682962642,1835|3.506727378997327,1836|3.9523207515277408,1837|3.236638233711423,1839|2.928310014954025,1840|3.876712973027783,1841|3.641863917215357,1842|4.397183276309253,1843|4.406183259459128,1844|4.423231735959193,1845|4.291866583589018,1846|4.096317162593754,1847|4.431039287605894,1848|3.2435137414363884,1849|4.40916718174493,1850|3.189557791819917,1851|4.346237409476547,1852|4.431039287605894,1853|2.431728542396202,1854|3.590171312025448,1855|2.7979526176860228,1856|3.9807452258917664,1857|3.517881374096775,1858|3.744979502019858,1859|3.8950486138320386,1860|4.482453692649434,1861|3.8913805449338996,1862|2.5162560621418337,1863|2.872846497076087,1864|3.085194144972885,1865|4.113776129572461,1866|3.476720467375328,1867|2.7923959572520913,1868|4.3899211137308,1869|2.842199159514867,1870|4.078961904044388,1871|4.102947423805619,1872|4.070999944191068,1873|4.2563936911750435,1874|3.5416784041399714,1875|4.124127444301481,1876|3.4979891984439826,1877|3.346101880067378,1878|2.495695102893415,1879|4.211584409330241,1880|4.013116678684772,1881|2.995251367644488,1882|2.578072093226856,1883|4.105805446830619,1884|4.00704118188595,1885|4.095061958521024,1886|3.5140226042633507,1887|3.118388877067279,1888|3.3067879683900303,1889|4.304485857510151,1890|3.270449727725822,1891|2.9269827729028544,1892|3.81270356040601,1893|4.069985601534419,1894|3.218309648977711,1895|3.5647698926201623,1896|3.8254072184987926,1897|4.0094893885122795,1898|3.9133576239868844,1899|3.4205270231032032,1900|4.313842952340739,1901|4.265248586198426,1902|3.675616202963022,1903|3.6688266725594367,1904|4.1723791367198295,1905|4.3878683814864345,1906|3.7372499536241364,1907|4.075755822634385,1908|3.6186199840164113,1909|3.8411531432210335,1910|4.040602061181741,1911|3.242296133571403,1912|4.256603547726119,1913|4.014636140509294,1914|4.190520666989446,1915|4.3878683814864345,1916|4.047862082716415,1917|3.3461561544158522,1918|3.370612681440044,1919|3.5984294877840446,1920|3.153681697335179,1921|4.243726301076624,1922|4.027725279546476,1923|3.9792946216191925,1924|3.2199500982292295,1925|4.270595880244156,1926|3.6697267856447384,1927|4.640911691565103,1928|3.633121979762989,1929|4.332904291088272,1930|3.5333322579838917,1931|4.536585571973582,1932|3.9718885195896614,1933|4.226169288783901,1934|4.388677785711179,1935|4.39477569367466,1936|4.495305106859323,1937|4.222072373049612,1938|4.43720293491114,1939|4.600056247528537,1940|4.2707662237741015,1941|4.341985794482447,1942|4.558868608643181,1943|3.767630698549132,1944|4.5369571307688545,1945|4.756704403863123,1946|4.292852378833452,1947|4.372538336183174,1948|4.006940021706004,1949|4.533943731286685,1950|4.617361531419249,1951|4.1359903221461725,1952|4.6243409105739515,1953|4.546192466614822,1954|4.344370044529201,1955|4.27794747741031,1956|4.336711932248101,1957|4.187504336928228,1958|4.101453547146475,1959|3.9636009430144075,1960|4.455015495669953,1961|4.453971948121829,1962|4.24351385040477,1963|4.5534397420541906,1964|4.364852987045056,1965|4.0685113395429156,1966|4.170695296159115,1967|3.87789090111728,1968|4.310437269228148,1969|2.7712192091447347,1970|2.907960595057419,1971|2.6606291210824633,1972|2.634380483130548,1973|2.617592379646119,1974|3.417779213537816,1975|2.921443886189075,1976|2.5973474845902373,1977|2.4575615744097745,1978|2.5598290634239653,1979|2.6019878277361146,1980|2.4909264334158134,1981|2.4745916983096907,1982|4.199801641553968,1983|3.130173484142568,1984|2.781801716777891,1985|2.7875776421319056,1986|2.5116880866034865,1987|3.083510047784678,1988|2.7880214503232175,1989|2.4839870557165478,1990|2.511639162619284,1991|3.245108648158671,1992|2.4823221993987206,1993|2.426296822314462,1994|4.145570763941627,1995|2.5518862235600426,1996|2.3355680823009592,1997|4.361129019673458,1998|2.5260912512612244,1999|3.3125086260723338,2000|4.083228203029907,2001|3.6761800411565226,2002|3.537125537958314,2003|3.679798309291755,2004|3.0772240911599207,2005|3.8160113934462077,2006|3.690738172042681,2007|3.325064862126187,2008|2.8606221507868717,2009|3.9445178825075207,2010|4.570220651871434,2011|3.6133894189327678,2012|3.4867655347161657,2013|3.7875882972482695,2014|3.472757199724198,2015|3.719706592826987,2016|3.3336749003134587,2017|3.1296393368629367,2018|4.227898434862621,2019|4.823964380998652,2020|4.367808719605479,2021|3.5664801486926025,2022|4.236647781338171,2023|3.8203515869459714,2024|3.8149835110231964,2025|3.867690936878758,2026|3.017164883585074,2027|3.0978459211661526,2028|4.692787230148054,2029|4.071895489454008,2030|4.3878683814864345,2031|3.1960434105537834,2032|3.2375401509595676,2033|3.6889217388036624,2034|3.1447569491920713,2035|3.2661227160590958,2036|2.8236706869147072,2037|3.7108965997070524,2038|3.110322226011392,2039|3.3924005781278312,2040|3.514438372393222,2041|3.068088101008809,2042|2.864006545057771,2043|3.7190428459360563,2044|2.9133554327268687,2045|3.5637936139062214,2046|3.6278520470855113,2047|3.375577673437452,2048|4.039827198787181,2049|3.4462946962084176,2050|3.6981647558631274,2051|3.5422086053752273,2052|3.6443782244041865,2053|3.412277090534321,2054|3.598570245737055,2055|3.566729059084799,2056|3.773110580249317,2057|3.9438891603166226,2058|3.8898351990226274,2059|3.459105618727863,2060|3.7754114678808026,2061|3.9331762041336447,2062|3.6756339149591533,2063|3.8316919748638423,2064|4.292250107881728,2065|4.090078453985241,2066|4.335150341529829,2067|4.375032537866479,2068|4.10338294811106,2069|3.979731396074513,2070|4.158841934349936,2071|4.213920061672723,2072|3.648872256591871,2073|3.9632984633181696,2074|4.002633503925193,2075|4.163705068444244,2076|4.29410209465501,2077|3.7799602275183783,2078|3.9661689226941395,2079|3.9060812266285216,2080|3.97157706556599,2081|4.0332886840622155,2082|3.612010909292902,2083|3.9310906371493193,2084|3.465664720204379,2085|3.9759933339026996,2086|3.414713350255802,2087|3.7029951855906162,2088|3.4258176992532716,2089|3.4642038343745734,2090|3.9889797387503836,2091|3.2227455628284822,2092|3.3487267210733322,2093|3.778979829559322,2094|3.4397828518246647,2095|3.6567097519426843,2096|3.984577687721675,2097|4.484779807456365,2098|3.505168014365707,2099|3.1751277098213855,2100|3.733835108613039,2101|3.6424603439567833,2102|3.9218190117709986,2103|3.1569151470045647,2104|3.7903270870697066,2105|3.6379391458195767,2106|3.8982454644183457,2107|3.040594824307378,2108|4.1764594321649895,2109|4.1834803212379175,2110|4.025273587149372,2111|3.821900837855278,2112|4.001287147800674,2113|2.885036803764179,2114|4.185225513256656,2115|3.879939303911444,2116|3.7852886955642524,2117|4.215300053841526,2118|4.2598031184140925,2119|2.862654896751918,2120|3.478386370928371,2121|3.1884518074199533,2122|2.8333558247369885,2123|3.7189902666098367,2124|3.4707136034095556,2125|3.8931932086050987,2126|3.2791373375266284,2127|4.346237409476547,2128|3.6685070423893817,2129|4.339766547433266,2130|4.22071872472827,2131|4.358627355639516,2132|4.612718533061919,2133|3.6047612577172647,2134|3.742189628339193,2135|3.5167174891701123,2136|3.5687139445974996,2137|4.18773031395569,2138|4.30623175740905,2139|4.348019873457673,2140|3.9143177495111194,2141|3.862026814022296,2142|3.45896640342604,2143|3.516957196492227,2144|4.108232320525399,2145|3.750900178191678,2146|3.5200419160319942,2147|2.9489818525189957,2148|3.6080022827989335,2149|2.736196271865685,2150|4.228683848371086,2151|3.4324886147479603,2152|2.5328682146991888,2153|2.459736821620033,2154|3.09369650443978,2155|4.071829045997438,2156|3.915092739075807,2157|3.619143180627904,2158|3.388023189572423,2159|4.029185466640798,2160|4.267649147453012,2161|3.913957257598006,2162|2.849884125013004,2163|3.102217686334587,2164|2.9009047197109465,2165|3.7957386311042782,2166|4.03426593248612,2167|3.617375431506047,2168|3.332985743009533,2169|3.1083020751232997,2170|3.193622394102909,2171|4.01565919599985,2172|3.84444539533321,2173|3.9255471464496203,2174|3.8442915313863684,2175|3.934101267145267,2176|4.496480551533885,2177|3.8217985788170106,2178|4.223396396092915,2179|3.555552923451665,2180|3.834182241148944,2181|4.091660294469069,2182|4.027618717420403,2183|4.455697093300172,2184|4.190681634871805,2185|3.8143879402481806,2186|4.734927046366951,2187|4.049492637604605,2188|3.411216310840966,2189|4.30467711107462,2190|3.5171404886711493,2191|3.739018159143092,2192|4.214134966671363,2193|3.6829966369110543,2194|4.458267612562648,2195|3.6558046090977525,2196|2.8071116535061416,2197|4.052314342322784,2198|4.230132427125506,2199|3.919435008101575,2200|3.1082426553620577,2201|4.0483973642611915,2202|4.534507198424272,2203|4.889571303566729,2204|4.316546407846514,2205|3.974846861541006,2206|4.4764094139706305,2207|4.033164329895236,2208|4.629903328887921,2209|3.621683506039689,2210|4.319950784271208,2211|4.310326280946335,2212|4.320527477124349,2213|4.406727149449177,2214|3.9227981919884916,2215|3.790890053259915,2216|4.3878683814864345,2217|4.406727149449177,2218|4.3878683814864345,2219|3.6396388019143506,2220|4.3878683814864345,2221|3.612190967637334,2222|4.399878081370863,2223|4.399878081370863,2224|4.3878683814864345,2225|4.3878683814864345,2226|4.018136456669112,2227|3.7685614395742224,2228|4.3878683814864345,2229|4.3878683814864345,2230|4.399878081370863,2231|4.038425270595779,2232|3.8938543901313967,2233|4.3878683814864345,2234|3.719913310881208,2235|4.3899211137308,2236|3.9146176849432726,2237|4.304018005964461,2238|4.146202540077505,2239|3.9655396446036573,2240|3.84774805177047,2241|3.2163814891214058,2242|3.3391355448930287,2243|4.252942542388263,2244|3.6885469285554384,2245|3.704828084239816,2246|2.802294732612582,2247|3.616145384323886,2248|4.271382518399752,2249|3.5395419923905047,2250|3.6624913996411097,2251|4.399878081370863,2252|3.4946253312303828,2253|3.231576597447244,2254|4.3878683814864345,2255|3.2300572854178613,2256|3.042271296041821,2257|3.738989813528876,2258|4.440964385326304,2259|3.0211581788954645,2260|3.291352985862079,2261|3.6299773504469157,2262|3.467773324325639,2263|3.900589403252556,2264|3.2105682163731966,2265|2.524590934537037,2266|3.491726590726518,2267|3.773240976030338,2268|4.267865788824548,2269|3.258527655766245,2270|4.389633221467966,2271|4.0619982123154825,2272|3.89923453109222,2273|3.932033810604298,2274|4.3878683814864345,2275|3.428366661268935,2276|4.1299513057471735,2277|4.3878683814864345,2278|3.8923786232049364,2279|3.1109021549296054,2280|4.016704706816467,2281|3.9099380552950826,2282|3.8491060072836696,2283|3.568108495010624,2284|4.1788709165210145,2285|4.402246363906038,2286|2.977217682070216,2287|4.037458268155897,2288|4.192597723560355,2289|4.421290241014064,2290|3.9130955966397583,2291|3.994308066016618,2292|3.25735479019112,2293|3.6229156153094024,2294|3.8865443720015285,2295|4.150670650713739,2296|2.807378198554953,2297|3.493842663394841,2298|2.668298632114174,2299|4.399878081370863,2300|4.523510616921006,2301|4.366004574833505,2302|4.123817118341811,2303|4.334510549114706,2304|4.187344742613887,2305|4.456110801129929,2306|3.175970860105585,2307|3.3721384429603503,2308|4.467088863621585,2309|4.3878683814864345,2310|4.055816240053179,2311|3.8889268897574376,2312|4.175213310723994,2313|4.568021581655065,2314|3.6771843173519914,2315|2.8368158220947692,2316|3.063818219896741,2317|3.3757215736632853,2318|4.396932812669865,2319|4.399878081370863,2320|3.9121129099216114,2321|4.079308891561746,2322|3.1550374775030554,2323|4.565656369604977,2324|4.67182669506614,2325|3.689840498475405,2326|4.431039287605894,2327|3.1719852667912614,2328|3.1314972675312847,2329|4.789776261976092,2330|4.600929832017623,2331|3.7853534501317494,2332|3.7090912217232654,2333|4.26260277585911,2334|3.623712113385896,2335|3.258519368503566,2336|4.490415433055471,2337|3.7242048236154663,2338|2.5515455934444846,2339|2.9350355255064566,2340|3.6363329432351885,2341|3.672548116564834,2342|4.055516990742185,2343|4.3878683814864345,2344|3.9629043661101466,2345|3.9616903489401585,2346|3.7911691458331687,2347|3.9969378597581198,2348|4.160310025697559,2349|4.241325051032661,2350|3.362640509880878,2351|4.58279855189352,2352|4.312147564740445,2353|3.936967307926034,2354|3.135748611138279,2355|4.141824975753255,2356|3.677120560210738,2357|4.5869428881557415,2358|4.043455447129322,2359|4.253620606340322,2360|4.670233371132146,2361|3.809400777650735,2362|3.4040860087807756,2363|3.7487865954415023,2364|3.155979658598164,2365|3.2092609861546064,2366|3.9650851858277356,2367|3.2408566203705274,2368|2.445506090371769,2369|3.548106638937216,2370|3.623742891837065,2371|4.024565028563957,2372|3.3601896688285393,2373|2.821534618315411,2374|3.456993363468378,2375|3.4010295727952915,2376|3.4515065470036084,2377|3.3626733214903965,2378|3.2716452125241653,2379|2.796849236191049,2380|2.4954688744907303,2381|2.426385671703189,2382|2.249024805326182,2383|2.2271580533466375,2384|3.7849614625209833,2385|3.0603849808123798,2386|2.524081189521546,2387|3.4956318029986395,2388|3.6464488280587037,2389|3.0612254795488747,2390|4.102837337473275,2391|4.376579384431016,2392|2.5549708319746243,2393|3.577483984901086,2394|3.7962921882599168,2395|4.28434337144742,2396|4.388149077767633,2397|3.99625533237807,2398|4.260516991753911,2399|3.048532367500681,2400|3.5925301170974038,2401|4.338811368623925,2402|3.0467708472958064,2403|4.128909606550376,2404|2.8689865892237667,2405|3.3233615468901663,2406|4.042506662188232,2407|3.9183390203451296,2408|3.2239666748241023,2409|3.6918914052818432,2410|3.457906458363162,2411|3.097466247557662,2412|2.6963678648422453,2413|3.93808194764355,2414|3.7604958446691636,2415|3.7031996342083273,2416|3.8310593949594853,2417|3.505002442799099,2418|4.016681751909711,2419|3.5519695148225745,2420|3.855404238722853,2421|3.1922141804206166,2422|2.7786264488977395,2423|3.9291809166682006,2424|3.4970572111440106,2425|4.078243037588726,2426|3.994052147996017,2427|3.9485290927972514,2428|2.8478793386022883,2429|2.986633275878165,2430|3.6504303492077055,2431|3.589028091882952,2432|3.326195091406137,2433|3.7536026180422373,2434|3.834140146506555,2435|3.5762415177990374,2436|4.138413425237973,2437|4.0763762829106875,2438|4.431039287605894,2439|4.3730805290951045,2440|3.4308827627649476,2441|4.072363586696531,2442|4.1008307741898715,2443|3.968901990391066,2444|4.067206875482653,2445|3.455592926343318,2446|3.3354657841723583,2447|3.2753726191852994,2448|3.0058607710578817,2449|2.7460218985504508,2450|2.5344366284646047,2451|2.7509742326064273,2452|3.224580445674408,2453|3.5033477456331394,2454|3.75179602166717,2455|3.8349884054212575,2456|2.771840216252166,2457|3.810188495736805,2458|3.307003030179392,2459|3.78455263682119,2460|2.810219448681389,2461|2.745957919877098,2462|2.4405670618077955,2463|3.8068807726492464,2464|2.8842606900919536,2465|2.9959659399111604,2466|3.9124767658743456,2467|4.364735586530112,2468|3.233618588882427,2469|3.7747033118451307,2470|3.6469651681619144,2471|3.0696454279477665,2472|3.4109507442494156,2473|2.968024894819516,2474|4.058353676154528,2475|3.6626170015969475,2476|3.8060961666550086,2477|4.40916718174493,2478|3.445426226475576,2479|3.053546253946778,2480|4.3878683814864345,2481|4.205999461520841,2482|3.6508060507076427,2483|4.273321257559302,2484|4.399878081370863,2485|3.444904667894513,2486|2.388248719665377,2487|3.30245663300042,2488|4.5710202153810595,2489|4.3878683814864345,2490|3.8302607372621766,2491|3.154190558083517,2492|3.7115048624655906,2493|4.570530942730848,2494|4.664053211669146,2495|4.279371881876334,2496|3.4865110893623594,2497|3.0444857946973998,2498|2.7571913522978395,2499|3.969163521441158,2500|3.1456760640751424,2501|4.40765233429679,2502|4.2967760277345945,2503|4.9154482817854,2504|3.619276116410531,2505|3.4005775718387827,2506|3.5831891402830367,2507|3.2043413164838928,2508|4.3878683814864345,2509|3.480972220527201,2510|3.749127834546136,2511|4.2208793087015755,2512|4.271836919062999,2513|3.180127325891287,2514|2.7308339948042333,2515|2.542297882457039,2516|2.2738216637806103,2517|3.590298967386034,2518|3.9280710904427303,2519|3.7684095906544215,2520|3.699153970356625,2521|3.088303021160772,2522|2.841856378130175,2523|3.071319691694648,2524|3.470049304222079,2525|2.946615294248679,2526|2.7697773661908376,2527|3.794397074019763,2528|3.7226733464169692,2529|4.099923372478397,2530|3.2190003214392515,2531|3.0953952368936877,2532|3.158682213315013,2533|3.4961281731309324,2534|3.051479370850153,2535|3.0925717102310863,2536|2.5309443990941523,2537|2.432099642070257,2538|4.389633221467966,2539|3.800902278216997,2540|3.613104217388237,2541|3.6018006974484873,2542|4.3599874312418585,2543|3.896286704273159,2544|3.489677663660767,2545|3.538189842744533,2546|3.399738752817468,2547|4.3878683814864345,2548|2.89010878510077,2549|2.6517935335781453,2550|4.222943106166285,2551|4.020470696958408,2552|2.8352826001351845,2553|3.9769111164307906,2554|3.5799147195633285,2555|2.16927224240693,2556|4.303249824882002,2557|4.426428763659361,2558|3.183921168262726,2559|3.0768291177012848,2560|3.8005024060271277,2561|3.7062099847656462,2562|3.8476039542954403,2563|4.011881392079024,2564|4.3878683814864345,2565|4.306675688669834,2566|3.280214379270968,2567|3.621890260919363,2568|2.76738710240539,2569|3.361635613419743,2570|3.8615598959038246,2571|4.4970114584904834,2572|3.7381456911221522,2573|4.3878683814864345,2574|3.1167710900211105,2575|4.396033135592917,2576|4.3878683814864345,2577|3.9503169800906495,2578|3.7616923969011222,2579|4.370995811595193,2580|4.234094070518749,2581|3.444145687821853,2582|3.491873955589995,2583|3.881952574278226,2584|4.399878081370863,2585|4.280220341485993,2586|3.9476660094590845,2587|3.6705730936940895,2588|4.3878683814864345,2589|3.339588893801375,2590|3.5627072409909717,2591|4.361414409856703,2592|4.3878683814864345,2593|4.3706807611046745,2594|4.4028912532934426,2595|4.389633221467966,2596|4.263244179227374,2597|2.9826897810584247,2598|3.5537790374804072,2599|4.30365653809792,2600|3.3566604745472537,2601|4.399878081370863,2602|2.4737954153715975,2603|4.3878683814864345,2604|4.389633221467966,2605|3.434802731392412,2606|3.126448420033607,2607|4.416615250665387,2608|3.354958620691219,2609|4.423150183441393,2610|4.338966558532874,2611|4.140135783401551,2612|4.618293810602695,2613|3.462920551594804,2614|2.7795632552441956,2615|3.333678417525806,2616|3.1024709671708246,2617|3.5286020425623272,2618|4.237513397607032,2619|4.3878683814864345,2620|3.9160645201061635,2621|4.218106712672635,2622|3.6402197409282557,2623|4.399878081370863,2624|4.583826557951401,2625|3.406522294894893,2626|4.037843716387545,2627|4.279911249591337,2628|3.5044711456953177,2629|3.1918815749975855,2630|4.004102100984117,2631|4.377446493716258,2632|4.172936537134623,2633|3.8568932784302685,2634|3.6025540212899534,2635|3.1603126922047893,2636|3.4736856457184855,2637|3.381252626890842,2638|3.343382899404803,2639|3.7034146691398777,2640|3.752584225119829,2641|3.3014033053535465,2642|2.89054163812336,2643|2.38163207825955,2644|4.274891618871255,2645|4.449950431385554,2646|3.5764172427594563,2647|3.5638913752858485,2648|4.438097608187814,2649|3.8003919267979627,2650|3.3591854135104544,2651|3.6289519983767935,2652|3.364471054937517,2653|3.7716298093155665,2654|4.149927493323466,2655|2.331423695878942,2656|3.4690707554227522,2657|3.8454985498897925,2658|4.399753994738288,2659|3.554912762515821,2660|4.151589144280892,2661|3.6922767485414045,2662|4.219932027650169,2663|3.4511797019608865,2664|4.272051603154707,2665|3.518692984857178,2666|3.120380767104726,2667|3.0482240867347565,2668|2.960994683739827,2669|4.191358992063945,2670|4.466510096041967,2671|3.9107194034979935,2672|3.4500733481568773,2673|3.8495265070998874,2674|3.2389700753192123,2675|4.045930046738626,2676|3.56285829888075,2677|4.412393965343032,2678|3.4633140914387477,2679|3.7044791357019076,2680|4.3878683814864345,2681|3.8348191311306348,2682|4.243255376670618,2683|3.6742975962452,2684|4.358324078599203,2685|3.9570437351694157,2686|4.359690563520525,2687|3.9183832321437304,2688|3.5508773691681905,2689|3.820203094406126,2690|4.114430747236848,2691|3.5858771842474937,2692|4.602720428242545,2693|4.382984860598842,2694|3.460632455494111,2695|3.1246729530192603,2696|4.378010915133393,2697|4.009035789515154,2698|4.399753994738288,2699|3.531719698780915,2700|4.245044547175333,2701|2.5341692118576065,2702|3.6845834492752347,2703|4.3878683814864345,2704|3.7783352338864864,2705|3.9336950518898925,2706|3.956732666527876,2707|3.9168663567443502,2708|3.959337982270987,2709|3.5216684329665564,2710|3.5839454217112166,2711|4.3878683814864345,2712|3.82295283802739,2713|2.8673995251063644,2714|3.9032158899209612,2715|3.1042367539654134,2716|4.116499153583142,2717|3.147141896147455,2718|3.6625276974142174,2719|2.8454606453572593,2720|2.4131897436491467,2721|3.831448917312515,2722|3.2335573243564704,2723|3.5352221623930324,2724|3.2625000430216717,2725|4.214616454611832,2726|4.796858891266281,2727|3.831013470245866,2728|4.517734806580008,2729|4.431362466663055,2730|4.210653778035292,2731|4.640356016627873,2732|4.479309134999121,2733|3.0278387930504653,2734|3.6932383978097585,2735|3.240885891149368,2736|3.9727349322117114,2737|3.454933979036398,2738|3.663842063220634,2739|4.296750520805293,2740|2.7223079325624857,2741|3.401739804075218,2742|4.358324078599203,2743|4.044252972430797,2744|3.7331349883973806,2745|4.357462610588485,2746|3.629598200656047,2747|3.765747146347813,2748|2.493209226651315,2749|3.941323688194359,2750|4.208212969482128,2751|3.35140898371374,2752|3.2610532507295362,2753|3.9657255586438613,2754|2.9295755796381986,2755|3.3404665856232096,2756|3.3730665146273333,2757|4.305644123267369,2758|3.548431326300147,2759|3.7809024931390014,2760|3.866857813611617,2761|4.377783993740305,2762|4.706901278026749,2763|3.907321354159041,2764|4.016324593651598,2765|4.309670152929416,2766|3.932353670536628,2767|3.7438727084958145,2768|3.9216928522380137,2769|3.88975072061535,2770|3.4741801895435582,2771|3.4699780371322206,2772|3.447837254578519,2773|3.9408994489604585,2774|3.9140283382744214,2775|3.862755505428928,2776|4.494683230064193,2777|3.4830165783650795,2778|3.318357299380806,2779|4.011235204319455,2780|3.796286891257146,2781|3.474401970344368,2782|4.032604804437021,2783|3.719562275460275,2784|3.8439449633832212,2785|3.578500477955521,2786|2.8306512956202794,2787|3.3247359680541146,2788|4.506778983446766,2789|3.3119556748587886,2790|3.018343277848797,2791|4.442018046382177,2792|3.39998867517933,2793|3.080870356594737,2794|3.1864299571405588,2795|4.167308919316962,2796|3.373468099558774,2797|4.1650563375473855,2798|2.6895782231639247,2799|2.4336098371006747,2800|3.2555919066043018,2801|3.7912348715820796,2802|3.5565852903303212,2803|3.691351658999886,2804|4.631175833272801,2805|3.154024750613827,2806|3.0899211948085226,2807|2.5812370016742716,2808|2.914850606940217,2809|2.660559852193702,2810|3.992819748355126,2811|4.399878081370863,2812|3.477088365628794,2813|4.302274392239556,2814|3.649197346348766,2815|2.9579132879894834,2816|2.3805204740463752,2817|2.135815990024712,2818|2.3288864324242216,2819|4.335057642354592,2820|4.247112356834837,2821|4.364205645053367,2822|3.501071251691478,2823|4.4220862055074734,2824|4.2476882249256835,2825|3.8777276872861,2826|3.426762657728082,2827|2.8401808633399543,2828|2.5550021590540997,2829|3.394525435660586,2830|4.145427147269151,2831|3.1020486573203505,2832|4.3878683814864345,2833|4.147395903210146,2834|3.8495285673292843,2835|2.920664744998336,2836|4.0341575985140405,2837|3.817783329538595,2838|4.399878081370863,2839|4.4308503328732805,2840|3.210044685149523,2841|4.056036235472137,2842|3.8032095440292566,2843|4.269209678957046,2844|3.7538837998880155,2845|4.3878683814864345,2846|3.7004313408854443,2847|4.102248096658105,2848|4.410571545283779,2849|3.4886004952844294,2850|3.5028316150552974,2851|3.049420434374987,2852|4.3335709284215955,2853|3.306513926438188,2854|3.4529674486847712,2855|3.009076386067062,2856|3.083443678529224,2857|4.20871790053398,2858|4.765834918372027,2859|4.547861191346727,2860|3.495904987288564,2861|3.394117490049817,2862|3.1575267271299685,2863|4.477929403332373,2864|3.3839128694619536,2865|3.3297526399821122,2866|4.220468390798645,2867|3.8610072544245835,2868|3.0845423767441433,2869|3.9768179413099647,2870|4.0514965498343845,2871|4.322535894211184,2872|4.072988456010726,2873|3.5267724532765,2874|3.824769360278349,2875|3.531634341031894,2876|3.2068770196245504,2877|3.6730060158238755,2878|2.709586548407559,2879|3.593718309430477,2880|3.5563658874380515,2881|3.565055099427134,2882|3.514155051185791,2883|4.014358804024998,2884|4.361414409856703,2885|3.7930739389263306,2886|3.060638432599071,2887|3.2121269976461218,2888|3.2195058425405416,2889|3.726154701488761,2890|4.28047030041132,2891|3.8708328681878488,2892|3.139822137172192,2893|3.6417525606091994,2894|3.2003032080703715,2895|4.40916718174493,2896|3.60052703749216,2897|3.852431046996471,2898|3.484599523111008,2899|3.993018922015806,2900|3.263497413401377,2901|3.4368148959408646,2902|3.142583040621367,2903|2.537899636377414,2904|4.233920961029938,2905|4.676740833662628,2906|2.911796691009494,2907|2.941723613985094,2908|4.40471491363347,2909|4.389633221467966,2910|3.9222203156730626,2911|4.141295265027872,2912|4.196068566927439,2913|3.815502671362025,2914|2.9098611431063888,2915|4.033616807240893,2916|3.9193792373340117,2917|4.526060201668095,2918|4.452035076989058,2919|4.214292309764534,2920|4.4993501092533235,2921|4.409529316294353,2922|4.32239928696108,2923|3.677507089511222,2924|4.258077565489356,2925|4.544879378497239,2926|3.90981457037451,2927|4.517782874334107,2928|3.802557185197215,2929|4.094085808645318,2930|4.520329296015733,2931|4.65260265403818,2932|4.322149906638398,2933|4.433139799048701,2934|4.434941889208076,2935|4.5545542096076,2936|4.514084032831782,2937|4.480071430071272,2938|4.434093536455893,2939|4.371487031249732,2940|4.6071420395446125,2941|3.9497406591692896,2942|3.320807753276066,2943|4.158610100369104,2944|4.383347437417793,2945|3.527976030376803,2946|4.24784062523129,2947|4.186978738712675,2948|4.1969136415590835,2949|4.216197530431552,2950|2.80648324760748,2951|4.340503449664162,2952|4.2383341917308135,2953|2.758646950644776,2954|4.3878683814864345,2955|4.3878683814864345,2956|3.899911294780464,2957|4.3878683814864345,2958|4.3878683814864345,2959|4.594205118243931,2960|3.6466892840358183,2961|3.3023232492723738,2962|3.4792546323418962,2963|4.216838260757581,2964|3.655226077089751,2965|2.105304292104849,2966|4.460141002023007,2967|4.469955800195599,2968|4.002583416764753,2969|4.209461467573684,2970|4.329020341534279,2971|4.2600145652118835,2972|4.364730774186524,2973|4.562602895025281,2974|2.429531067351647,2975|3.5341277635062447,2976|3.595451184658068,2977|3.6279131209300015,2978|3.246821756845181,2979|2.8556875811677145,2980|4.3878683814864345,2981|4.300865978988551,2982|2.7174483575757002,2983|4.245088859020812,2984|3.9785295288261335,2985|3.723200727000187,2986|2.845394287786271,2987|4.042598141985032,2988|4.205784077854505,2989|3.681926098941117,2990|3.343928298509653,2991|3.853924917638628,2992|3.490328301825728,2993|3.9342473138581733,2994|4.180595578247405,2995|2.667514555448685,2996|3.9462799616879254,2997|4.599488022857512,2998|3.865410787859611,2999|3.9869513601020987,3000|4.320584699237584,3001|3.606477132294501,3002|4.3182395691056765,3003|3.9174583629406294,3004|3.471542653661872,3005|3.83146614293885,3006|4.228849615804438,3007|4.275103172531755,3008|4.1566820870768355,3009|4.3878683814864345,3010|4.0422992004113905,3011|4.261181454788605,3012|4.010400618298084,3013|3.633870486841768,3014|3.737423396539187,3015|3.9982488818191153,3016|3.7229202307683864,3017|3.3342497109697637,3018|3.889072693990711,3019|4.221320229757029,3020|4.100045491547595,3021|3.60328049246543,3022|4.353535734565481,3023|4.361414409856703,3024|3.3189072731445792,3025|3.6381098554759195,3026|3.3946894216396517,3027|3.1907665072658062,3028|4.046293650537371,3029|3.895197363238572,3030|4.684975280197107,3031|3.587125120889161,3032|3.767127902507821,3033|4.158381939731617,3034|4.615438526106841,3035|4.174537184380811,3036|3.857322428164429,3037|3.9594224506465405,3038|4.369815282567298,3039|4.263793349203083,3040|3.471518621058635,3041|3.2777973879195113,3042|3.373813249541122,3043|3.4227296527603706,3044|3.786595784611028,3045|3.9941126155568916,3046|3.813170287279207,3047|4.1049639273390675,3048|3.6171553628929933,3049|3.8916404778336138,3050|3.7961216241878937,3051|3.7370915815938384,3052|4.157194221458246,3053|3.7498722902448094,3054|2.7207699488202266,3055|4.189176043843375,3056|3.858027009298402,3057|4.310430223750519,3058|3.5760478407437057,3059|4.3878683814864345,3060|4.362120070575192,3061|4.045877545641282,3062|4.43881963479581,3063|3.4178229570761536,3064|3.303585739134104,3065|4.3878683814864345,3066|4.358313054701396,3067|4.182305483072429,3068|4.24768059091134,3069|4.281991649441826,3070|3.920917921697427,3071|4.046373312284894,3072|4.106585326824843,3073|3.9033144690666273,3074|4.124989816115468,3075|4.3655073756068825,3076|4.078537758055895,3077|4.665321191754021,3078|4.076021074133784,3079|4.000711876180904,3080|4.38803862707892,3081|3.7697711476747298,3082|3.7282126799185646,3083|4.238382873345591,3084|4.389633221467966,3085|4.449950431385554,3086|3.960847246618588,3087|3.999049887520566,3088|4.533309854363474,3089|4.784347518215974,3090|4.552039250704784,3091|4.395396942541327,3092|4.541385067671904,3093|4.256691508154235,3094|4.271944608011081,3095|4.570469109505247,3096|4.362132063265102,3097|4.493548185700988,3098|4.360760289196434,3099|3.7157963650360686,3100|4.19603896807503,3101|4.0582551632331905,3102|3.9830292384164325,3103|3.58632169846226,3104|4.223071747123852,3105|4.28616728150733,3106|3.9596103308178874,3107|3.753219204857027,3108|4.101917387680623,3109|3.3280884785756517,3110|3.9502963452787716,3111|4.093104428955387,3112|3.9160234698620044,3113|2.7657722053777754,3114|4.414748569948477,3115|3.7992858013655626,3116|4.3878683814864345,3117|3.864798506389426,3118|3.8364692340429887,3119|3.7095149171530224,3120|3.472674543996896,3121|4.037187434492604,3122|3.684843584441702,3123|4.399878081370863,3124|3.9490218206245435,3125|4.049011038520129,3126|3.9495933030849644,3127|3.705146105672202,3128|4.3878683814864345,3129|4.288984338862749,3130|2.981490278142925,3131|4.399878081370863,3132|4.098861624143333,3133|4.122403143684897,3134|4.727813341564788,3135|4.37188476744929,3136|4.389633221467966,3137|4.140454270226652,3138|3.651540145773286,3139|3.5793425913334227,3140|3.960293376463508,3141|3.757973647493817,3142|3.8538439233095385,3143|4.409175486086641,3144|3.290553475783201,3145|3.8567475393538766,3146|3.024735669640373,3147|4.565217897359538,3148|4.3150151699923684,3149|2.657647595055482,3150|4.014301849374801,3151|4.373476871525586,3152|4.515162567288785,3153|3.9978069579428377,3154|4.3899211137308,3155|3.7631539470469204,3156|3.32960993763619,3157|3.4501104985657776,3158|3.8769521654719767,3159|3.8967059700634783,3160|4.349729148648278,3161|4.004086958481339,3162|3.3970270708589743,3163|3.933263226495244,3164|4.3878683814864345,3165|3.3956149696376903,3166|3.2369293399159655,3167|4.2972812040873185,3168|4.3600735878881105,3169|4.115927648521985,3170|4.359065975341613,3171|4.47226333059063,3172|3.6768570449446236,3173|3.534356526666426,3174|4.046235566876637,3175|3.996948362805036,3176|4.059032704735582,3177|3.100728106628804,3178|4.259880491681983,3179|3.9189879820641362,3180|2.949750595275412,3181|4.40995877304757,3182|4.558697642149423,3183|3.863008015819926,3184|4.403017526065902,3185|3.978483427419264,3186|3.9227030891945467,3187|4.3878683814864345,3188|4.389633221467966,3189|4.059522951647793,3190|2.66372617594968,3191|4.3878683814864345,3192|4.222896430658186,3193|4.389633221467966,3194|3.748301164115647,3195|4.3878683814864345,3196|4.69975939116361,3197|3.7287497771081175,3198|4.499528050993435,3199|3.756542518175413,3200|4.409482195929764,3201|4.270685177579361,3202|3.9365611334590236,3203|3.89527767119029,3204|4.106621534606016,3205|3.850273360522522,3206|3.705379710940257,3207|3.8949146507195143,3208|3.2692663039875276,3209|4.3878683814864345,3210|4.185848578147698,3211|4.050764070917509,3212|4.3878683814864345,3213|4.007522306331037,3214|3.6748588082892493,3215|3.945365528852265,3216|3.700695690966402,3217|4.129447333915476,3218|3.628291592992347,3219|3.6054340088075603,3220|4.3878683814864345,3221|4.010067120686946,3222|4.2346140082334465,3223|3.513166092659864,3224|4.313475501010938,3225|2.7921236766963817,3226|4.389633221467966,3227|4.418877595227245,3228|4.399878081370863,3229|4.397183276309253,3230|4.136053368573884,3231|4.399878081370863,3232|4.203604069286906,3233|4.399878081370863,3234|4.399878081370863,3235|3.558750774121645,3236|4.359065975341613,3237|4.389633221467966,3238|2.721463392593245,3239|3.101159994148218,3240|3.7239762160494077,3241|3.972001043856662,3242|3.8494100887579874,3243|2.973135305695167,3244|3.951512704940227,3245|4.588226210134156,3246|4.435839440545596,3247|3.406770906429255,3248|3.0584398358959577,3249|3.5596254699239536,3250|3.974610216474086,3251|3.9302293442394394,3252|4.309542499366854,3253|3.878385411957136,3254|3.387311153164931,3255|4.003414091195266,3256|3.8515620846082794,3257|3.1869835986058,3258|3.1920253271356698,3259|3.6457750550796906,3260|4.164185199004576,3261|3.857704572962455,3262|3.7061976760075512,3263|3.7315334176863764,3264|3.614333530133812,3265|4.589113983987586,3266|4.336479035551882,3267|4.098646591384019,3268|2.4615182905022692,3269|3.5642068079667544,3270|3.51380407178045,3271|4.446426250115996,3272|3.836319695976489,3273|2.9424809258840146,3274|3.788436398456682,3275|4.1048622284960095,3276|2.9488250656292276,3277|4.3878683814864345,3278|4.389633221467966,3279|4.427841789657465,3280|4.449950431385554,3281|4.514869298700325,3282|3.991557560189298,3283|3.612117856356857,3284|4.171805955106914,3285|3.2178487989391633,3286|2.6124859665842175,3287|3.0630446865395466,3288|4.3878683814864345,3289|4.254763295951235,3290|4.399878081370863,3291|4.456150301643851,3292|4.446712233914076,3293|4.38803862707892,3294|4.449950431385554,3295|4.027050306766778,3296|4.243557066772526,3297|4.389633221467966,3298|4.025848957080315,3299|2.9535163188866855,3300|3.4676810491475027,3301|3.559439087894984,3302|4.110440309797028,3303|3.946453184960264,3304|4.111142400615253,3305|4.4096258783764455,3306|4.649098872824247,3307|4.770009844161569,3308|3.8223897419695056,3309|3.9329975086643723,3310|4.621289777692637,3311|4.35742483584263,3312|4.3878683814864345,3313|3.066108116375435,3314|4.4220862055074734,3315|4.434941889208076,3316|3.2618478299614746,3317|4.398525092349601,3318|4.0310021445038995,3319|3.490274529938141,3320|4.029879540128312,3321|4.399878081370863,3322|3.4575759198281113,3323|3.762387000441306,3324|3.2465146357512946,3325|2.9886196608563234,3326|3.223622028406125,3327|4.060104081901111,3328|4.235676030944205,3329|4.45450589878493,3330|4.338077843320473,3331|2.861247003247006,3332|4.410141567293316,3333|3.8358612542323307,3334|4.61263303708593,3335|2.4128093281672887,3336|4.3878683814864345,3337|4.358324078599203,3338|4.785507152102222,3339|4.293708855279469,3340|3.335639963214148,3341|4.565264653610717,3342|4.4977893549569625,3343|3.0747359835339516,3344|2.9804243754068622,3345|3.301489880164293,3346|4.449950431385554,3347|4.326781727445456,3348|4.449270077990278,3349|4.148969554716626,3350|4.405432945261343,3351|3.4426201272312134,3352|4.3878683814864345,3353|4.361414409856703,3354|2.9204899870847125,3355|3.3009265090084483,3356|4.389633221467966,3357|4.28626464786941,3358|4.095192226482021,3359|4.421874646442707,3360|4.331277254673458,3361|4.233283935500067,3362|4.531342019293369,3363|4.460834927255117,3364|4.513721555381319,3365|4.531726142546111,3366|4.422150507209116,3367|3.9110906283853177,3368|4.210299270950723,3369|4.444766474826659,3370|3.9152611415446352,3371|3.9640560944063594,3372|4.003787049359966,3373|4.359065975341613,3374|3.409473953240499,3375|3.9352412901992806,3376|4.400598243470008,3377|4.3899211137308,3378|4.054751173141259,3379|4.512248724751245,3380|4.369185234468386,3381|4.358324078599203,3382|4.3878683814864345,3383|4.405152705167653,3384|4.400241249299269,3385|3.1451045958253436,3386|4.264989837014086,3387|3.2917525553184355,3388|2.9681993813985796,3389|2.9032253007813646,3390|2.2031888414577843,3391|2.988936796061955,3392|2.774638927538127,3393|2.7029014699998477,3394|3.2700260825695486,3395|3.355189686769358,3396|4.202933143984013,3397|4.010641801877564,3398|3.893765406026203,3399|3.2390166964529845,3400|3.1389874620644096,3401|2.6582606271787936,3402|4.0601876176057745,3403|2.984636831029812,3404|3.8724773283188214,3405|4.5379418330340515,3406|4.00804940861807,3407|4.358324078599203,3408|4.134386908851938,3409|3.5420103225622963,3410|4.0629300405936455,3411|4.3878683814864345,3412|3.9748711994474695,3413|4.397183276309253,3414|3.856326464461051,3415|4.2461383463021445,3416|4.3878683814864345,3417|4.111906371849296,3418|4.1664093741944885,3419|3.622490034485769,3420|4.177779718537266,3421|4.4057536898312115,3422|3.8667543459965863,3423|3.5675478870599924,3424|4.367424135708565,3425|3.807011371112349,3426|3.760230627060223,3427|3.8772381270554224,3428|3.29728818586071,3429|4.7477279076010355,3430|3.6085922715827943,3431|3.2621868945464145,3432|3.0650540167505325,3433|2.826935652007581,3434|3.104326732717705,3435|4.84516003050609,3436|3.3589360917059565,3437|2.023048600797203,3438|3.036463841337813,3439|2.2906582582195947,3440|2.294808009927843,3441|3.722896695477379,3442|2.940747378584181,3443|3.6369415218455208,3444|3.4410034704410766,3445|3.734550591498154,3446|3.960692140116501,3447|4.234291737459947,3448|4.191205298606177,3449|3.5873398157423995,3450|3.8337591781222446,3451|4.405340013870441,3452|3.0947315207448245,3453|2.8887421112944156,3454|3.3271259569964196,3455|4.431039287605894,3456|4.235474668139014,3457|3.8633311360638323,3458|4.346237409476547,3459|3.5344623157397868,3460|4.399878081370863,3461|4.276547389165288,3462|4.7505287124612865,3463|2.497210331464067,3464|2.5531319995561343,3465|3.3572187059591103,3466|4.130151660858244,3467|4.426862909856709,3468|4.6576575343363595,3469|4.730387667580706,3470|4.50062111754234,3471|4.394566440307058,3472|3.8447713616791157,3473|4.1922606269967755,3474|3.461395287874486,3475|4.5555575950785725,3476|4.151774111167382,3477|3.542979715525473,3478|3.7619950318963418,3479|3.833976752285224,3480|4.079705529362937,3481|4.419707567169763,3482|4.3878683814864345,3483|3.2333419766144833,3484|3.093980636679584,3485|4.449950431385554,3486|3.5252172890596714,3487|4.0786605993342775,3488|2.93428394089253,3489|3.1837282971679164,3490|3.232763927014812,3491|3.2336242650083316,3492|4.142048569994682,3493|4.449950431385554,3494|4.096583458859657,3495|4.082798973799467,3496|3.830903540852117,3497|3.45860133957451,3498|4.5466267698970775,3499|4.36718122962184,3500|3.5305105548657965,3501|3.779430370618396,3502|4.068071234924717,3503|3.864655522313882,3504|4.627978288804372,3505|4.140192237362198,3506|3.979583090120231,3507|4.547042126106964,3508|4.468950852047744,3509|3.514202793881268,3510|4.071333753351919,3511|2.818180896532911,3512|3.7316440328643727,3513|3.7686369803300535,3514|3.790575037246157,3515|3.676452925838185,3516|4.067638509464745,3517|4.397183276309253,3518|3.3722284340343025,3519|3.692534410019397,3520|2.922233147976781,3521|4.347975333162273,3522|4.3878683814864345,3523|3.5959722131042238,3524|3.8290549340710767,3525|3.602934392176789,3526|4.086293625019183,3527|3.8188274444958257,3528|3.3966109485379743,3529|4.03205743143415,3530|4.399878081370863,3531|4.046002564420759,3532|4.399878081370863,3533|3.9699968330397906,3534|3.5715907104956677,3535|3.845287226021655,3536|4.011785953377946,3537|3.5668529392056976,3538|4.0508768810155384,3539|4.4320737364223195,3540|3.3095888634525226,3541|4.440964385326304,3542|4.3878683814864345,3543|4.389143150660549,3544|3.6354188700482024,3545|4.280890150377363,3546|4.534447279754096,3547|4.336179519383864,3548|4.2370930394725175,3549|4.1928818039375875,3550|3.8212439178324535,3551|4.498299094605817,3552|4.2320658298325275,3553|3.4363357290791514,3554|3.561004561004287,3555|3.936212070523238,3556|4.245858232270946,3557|3.590444246051213,3558|4.3878683814864345,3559|4.312418516113393,3560|4.3878683814864345,3561|4.3878683814864345,3562|3.153326048383418,3563|2.861446930124843,3564|2.2005619954128908,3565|3.5546277058769267,3566|4.001450885739416,3567|3.8255081844326018,3568|3.8095573259342173,3569|4.1368391937697195,3570|4.3878683814864345,3571|3.6798366274313734,3572|2.318876506852222,3573|2.281140897356889,3574|1.9592639956266167,3575|4.3878683814864345,3576|3.985679645061425,3577|3.1385434301571573,3578|4.4068660154329855,3579|4.3878683814864345,3580|3.5215870173042294,3581|3.596780786760193,3582|4.3878683814864345,3583|4.3878683814864345,3584|3.3512469066497834,3585|4.335081618952575,3586|3.9040127292169196,3587|3.6711922797490013,3588|3.7858622164636477,3589|4.449950431385554,3590|3.5782745757106875,3591|3.7611722313845544,3592|3.9431266825629727,3593|1.9828809128587381,3594|3.4792396394767016,3595|3.569701932139537,3596|2.9734865741348115,3597|3.2563728275280006,3598|4.040723865535953,3599|4.068555057277712,3600|2.943229206342166,3601|4.32206161378134,3602|2.927600980425753,3603|4.399878081370863,3604|3.968125275125793,3605|3.6001923760357255,3606|4.20236357133002,3607|4.287621424406525,3608|3.7155233178255815,3609|4.281963721377977,3610|2.7458821789637966,3611|3.3835641245236667,3612|3.990469676953521,3613|4.07553341250136,3614|3.6920228152703896,3615|3.3769860879828615,3616|3.107969714810947,3617|3.628254542990467,3618|3.859192439368761,3619|3.7491597728053803,3620|3.799106236085284,3621|3.9264058658741625,3622|4.005792418587149,3623|3.383091880602911,3624|3.888459200802959,3625|4.1613471369586055,3626|2.919065732858285,3627|3.9509664724959315,3628|4.023881032208388,3629|4.720246456142425,3630|4.449950431385554,3631|4.399878081370863,3632|4.203507322640047,3633|3.6304683589341353,3634|4.746062223532152,3635|3.885642961198916,3636|3.921945640829957,3637|4.0023833189600495,3638|3.369743434696038,3639|3.8318774386181658,3640|3.773302440210495,3641|3.9823300070985885,3642|4.359065975341613,3643|3.823893372232412,3644|4.046446703116908,3645|4.334024205740441,3646|2.7301470342006198,3647|4.3878683814864345,3648|3.2129296776480105,3649|3.741656379872011,3650|4.449950431385554,3651|4.449950431385554,3652|3.6620972608379043,3653|4.145332363042872,3654|4.324708574598373,3655|4.343594350636151,3656|4.444766474826659,3657|4.3878683814864345,3658|4.027021419502832,3659|3.645795759357105,3660|3.105182712251535,3661|2.9994238739161094,3662|2.542789444385522,3663|2.579786545124663,3664|2.553023134954005,3665|2.507733839609007,3666|3.3002428911679997,3667|2.7219609716688256,3668|4.342278068013288,3669|3.0522047676970008,3670|4.097959431954557,3671|4.495932859361098,3672|3.3305810703846426,3673|3.2230958557257416,3674|2.798373226895702,3675|4.057091783559569,3676|3.954267960000255,3677|4.480469711365862,3678|4.275382721795556,3679|4.397833296763546,3680|4.274321033618223,3681|4.355245122090776,3682|4.07937795421651,3683|4.626432535311717,3684|3.9298399477084542,3685|4.087434449315915,3686|3.6876122593769622,3687|3.778858245267785,3688|3.356488900545198,3689|2.6290521308001016,3690|2.7562965232217818,3691|3.153886744245793,3692|3.042997944021301,3693|3.3006961831741553,3694|2.8343318648782208,3695|2.7531442036695903,3696|3.2541667097185316,3697|3.1808483432733583,3698|3.3532640402617866,3699|3.8730816847180485,3700|4.0806202410036025,3701|3.598414559865023,3702|3.8045501729996456,3703|3.8782902753513255,3704|3.3492602232012905,3705|3.0237852067998374,3706|3.9777965182323105,3707|3.471905457143734,3708|3.289756110465827,3709|2.790408344338887,3710|2.707709355299864,3711|4.101009169402672,3712|3.760282509138347,3713|4.301543589578171,3714|3.528113674854539,3715|2.859509933169652,3716|2.834792150849937,3717|3.1840615905543537,3718|4.067894114020246,3719|4.361414409856703,3720|4.083281212459794,3721|3.0997876756938982,3722|3.584573730078926,3723|4.107041669160296,3724|4.324894124235453,3725|3.7213436566829863,3726|4.106742603375368,3727|3.990472984535601,3728|4.400710124485074,3729|4.094862310607526,3730|4.66821048743828,3731|3.8190742037421073,3732|3.7090917103440555,3733|4.316060765957445,3734|4.098195215881046,3735|4.4733215400692,3736|4.42451724965176,3737|4.444967548044104,3738|4.161323669477111,3739|4.458865660414312,3740|3.6305735041087743,3741|4.528317809134235,3742|4.457974764775341,3743|3.007664392045384,3744|3.3997356308953197,3745|3.6892230202897895,3746|4.469110570419831,3747|4.285366632740931,3748|4.361414409856703,3749|4.195069472419172,3750|4.3878683814864345,3751|4.148431852396185,3752|3.4851160157518817,3753|3.8822301877033976,3754|2.9142071803057963,3755|3.6976228930896813,3756|3.7600067892397595,3757|3.736664815110606,3758|3.3161492623519084,3759|3.575724094556543,3760|3.8262698555163865,3761|3.584009325039606,3762|4.449950431385554,3763|3.8856679176905953,3764|3.0498044197041967,3765|3.446586667065671,3766|2.8110071360627336,3767|2.5853812379872125,3768|2.5625748851892975,3769|3.9485429407294914,3770|3.7822502193331275,3771|3.848224800004088,3772|4.449950431385554,3773|3.267277525595686,3774|2.6761580975759065,3775|3.680393742703671,3776|3.5545172185628062,3777|3.268165782427305,3778|4.358324078599203,3779|4.399753994738288,3780|3.345903603709292,3781|2.904504801569889,3782|3.366525000850194,3783|4.362320142780147,3784|3.4039948471038155,3785|3.3510123468362263,3786|3.799633553928076,3787|4.318502025502687,3788|4.270427299603077,3789|4.296548043793757,3790|3.9389799917931443,3791|3.679655396462313,3792|4.1059135575909425,3793|3.966067716574181,3794|4.096957981375227,3795|4.073442099352743,3796|3.7362191927021007,3797|3.5370119113392797,3798|3.913413440705842,3799|3.4087186093773427,3800|4.346237409476547,3801|4.606934962105662,3802|2.7692776969873085,3803|4.3878683814864345,3804|3.042763063510368,3805|3.32144776498853,3806|3.5391452874016016,3807|3.375917630355346,3808|4.435191413994616,3809|3.8175159986308103,3810|3.701501185558008,3811|4.594433612335937,3812|4.0859682311704315,3813|4.036864040040451,3814|4.503534018208157,3816|4.387244979267509,3817|4.248571629699869,3818|4.406727149449177,3819|4.446257557969815,3820|2.5846118840062244,3821|2.803573291324236,3822|4.182826223392873,3823|4.105760388663433,3824|2.760124513580449,3825|3.083234851225012,3826|3.0034269012776065,3827|3.574492076647517,3828|4.399878081370863,3829|4.361414409856703,3830|3.565455203336828,3831|4.057690485161498,3832|3.969124143206021,3833|2.9063430775941725,3834|3.2407764355724025,3835|3.243855581179787,3836|4.256836175228873,3837|2.917814364181,3838|2.625711033984944,3839|2.5319751981264247,3840|2.9985433782522164,3841|3.436133249291103,3842|4.449950431385554,3843|3.130948057416941,3844|3.997934584787786,3845|4.080775294177723,3846|3.740170403878876,3847|3.383666311874241,3848|3.6666791640337504,3849|4.484345187202797,3850|4.449270077990278,3851|4.3670213608664685,3852|4.014413188121757,3853|4.007295054388246,3854|4.251670882334582,3855|4.105756110591461,3856|4.3878683814864345,3857|3.019414659640296,3858|3.6560251763427267,3859|4.4529411503433565,3860|3.8934101235574614,3861|3.18811369253425,3862|3.936721355051441,3863|3.803182187508363,3864|3.094746135272616,3865|3.770945164727039,3866|4.399878081370863,3867|3.5818492402322333,3868|4.082139917058658,3869|3.518997060165755,3870|4.412884497770788,3871|4.256285897462255,3872|4.41961293503096,3873|4.000950933422157,3874|3.541541681610128,3875|4.033284831748908,3876|3.8814163379184574,3877|2.3515348326426406,3878|3.657172287884742,3879|3.2563680124616976,3880|4.699018679617284,3881|4.177463714509055,3882|3.535314399332538,3883|3.7404814532268746,3884|2.7831992644703885,3885|3.6545015652735984,3886|4.047469459117365,3887|4.3878683814864345,3888|4.034502977559367,3889|2.6403427526170455,3890|4.389633221467966,3891|4.397183276309253,3892|3.5766760385320766,3893|3.8474355147881907,3894|4.078288018282191,3895|2.8130823905461275,3896|3.7636614620114495,3897|4.550762793355364,3898|3.07544310931739,3899|3.857974358195441,3900|3.4272319732507173,3901|3.3937844839609914,3902|3.720013133816919,3903|4.0260624356649295,3904|4.3878683814864345,3905|3.506408118008761,3906|3.8315817241849333,3907|4.3878683814864345,3908|2.6061889026021436,3909|3.2867093725333403,3910|4.324656799454852,3911|4.456798178779245,3912|2.858564793201987,3913|3.7170696216388706,3914|3.8941950202419213,3915|3.992894105898136,3916|4.176971426410537,3917|3.5286066111153342,3918|3.02782091781308,3919|2.677214324705189,3920|4.103260590364293,3921|2.8876586404933393,3922|2.8629194378620566,3923|2.97308173134231,3924|2.9275683435521365,3925|4.0982709697083015,3926|3.8567421584894492,3927|3.892911581405535,3928|3.763468072143132,3929|4.458248260899474,3930|3.9193544822604256,3931|3.4241910036207237,3932|4.153051966192182,3933|3.0726100306391357,3934|3.6835720886038006,3935|4.449950431385554,3936|4.2752409756765015,3937|3.3666568792958644,3938|3.4417441332200798,3939|3.4466297387745986,3940|3.1972300716452504,3941|3.3510108777973917,3942|3.1717005225029284,3943|3.3273841431178384,3944|3.7551325810583034,3945|3.4119937866468875,3946|2.5055992688067095,3947|4.179969201419482,3948|3.8336776528345267,3949|4.617526090384832,3950|4.37441499679652,3951|4.057241803460921,3952|4.2216852516778784