1|4.132352298696842,2|3.875740495584531,3|3.7121961897519733,4|3.6248422703035676,5|3.6388216137487195,6|4.1219885150648174,7|3.8670977834056073,8|3.7426961184004646,9|3.879155472616233,10|4.027734293637337,11|4.06907376040895,12|3.1968263327594775,13|3.6384173534500905,14|4.032851639380452,15|2.892475212540851,16|4.315610790832528,17|4.256020813410338,18|3.90294052008704,19|3.094145819641141,20|3.3242545631552165,21|3.970972486660586,22|3.9724256187284297,23|3.565957425617972,24|3.802014240478142,25|3.995963343036079,26|4.0831806861398245,27|3.5346707368727204,28|4.336968306125303,29|4.416066943991245,30|3.8610162527801304,31|3.63253292988498,32|4.4087520711445185,33|3.7516443178553134,34|4.222869463696802,35|3.7622110249248246,36|4.154310777265463,37|3.9341343791134267,38|3.0128652463239503,39|3.9886697954384567,40|3.9793977440617603,41|4.235656290167304,42|3.5331515129161826,43|4.013022017294427,44|3.3038685234256744,45|3.7161886294895643,46|3.6393498526018178,47|4.546473326404728,48|3.303749336228857,49|4.136513473459198,50|4.869977664047621,51|4.397737917583302,52|3.9598459573955913,53|3.9595916383162875,54|3.0272497192588324,55|3.3946568483138435,56|3.4223283218946907,57|3.80784671485094,58|4.258632097266374,59|3.816654492602124,60|3.5459818308467788,61|3.7364117342311314,62|3.987790375854704,63|3.394260184483799,64|3.100168034059146,65|2.925447504391535,66|2.5795632502128862,67|3.9462479306038487,68|3.8570079170042284,69|4.018665763080572,70|3.7780331535615073,71|2.7292971728592272,72|3.9107214935835755,73|4.023383221458664,74|3.433584492779919,75|2.896954856925558,76|3.6389335477671034,77|4.176717854252575,78|3.8464137534456944,79|3.5660662705447006,80|3.7456882595397065,81|3.7331908545085217,82|3.9678746491527734,83|4.029989597640962,84|3.324463009522246,85|3.7056998955416303,86|3.843471433189097,87|2.841369349610817,88|3.4274743878766163,89|3.80948226126608,90|3.835516126672626,92|3.3364957338999996,93|3.052883047105541,94|4.091091288496768,95|3.6677084740042716,96|4.119533568174955,97|4.30036330584611,98|3.123631974441468,99|4.20833285008595,100|3.8894237567158383,101|4.100967419859803,102|2.625963986480574,103|3.8177317958672967,104|3.8966942747218862,105|3.6728013368158194,106|3.839513966171201,107|3.6127482540182845,108|4.003667454744832,109|4.359327176168784,110|4.586055058332041,111|4.550921756929608,112|3.9571552900908875,113|3.563988595250673,114|3.933222011081546,115|4.359327176168784,116|4.482731416581592,117|3.999311219077959,118|3.5667011573971825,119|3.1964878405757475,120|3.402353297908874,121|4.030938370894294,122|3.399643099554772,123|4.108079336614855,124|4.34101198065226,125|3.999020980171767,126|2.5601121547933117,127|4.34101198065226,128|4.016496292554837,129|3.6418760841506828,130|4.34101198065226,131|3.695234923696463,132|3.3521663145824334,133|4.328515486157182,134|4.36025158724008,135|3.266104181757391,136|3.8243477619062864,137|3.7942589735178522,138|3.7784271000484795,139|4.373183569764441,140|3.5355443138663225,141|3.8453099447027626,142|4.34101198065226,143|4.34101198065226,144|3.8012741570505444,145|3.8558933954695513,146|3.4892746953974925,147|4.031911413881076,148|3.6521845017659014,149|3.912127283691077,150|4.425503838340676,151|3.9980230051915724,152|3.556567928188878,153|3.156578283160491,154|4.090184690713395,155|3.725807871520436,156|4.005700941249544,157|3.0715211143862455,158|3.278501389502729,159|3.8203468749153737,160|2.697156825840458,161|4.2710580679713015,162|4.280453705415778,163|3.903592813000924,164|4.09220573940778,165|4.0691142527170285,166|3.2555461217152653,167|3.9087106809766317,168|3.4493393317516285,169|2.652930388545753,170|3.6595390857945143,171|3.96035299692357,172|3.3559385977491925,173|2.946143665478517,174|2.925052618878434,175|3.94518528911755,176|4.17985995042366,177|3.4580017384432535,178|3.59671204608489,179|3.1663818928927956,180|3.8844155027116924,181|2.200355414357379,182|3.5176916000447283,183|4.184794831913736,184|3.599419128807562,185|3.673958387227411,186|3.2665219367204785,187|3.7160845427002887,188|3.8053110640322956,189|3.435255596977711,190|4.025586555522192,191|3.2742865528900245,192|3.9757344287572267,193|2.8264624625557944,194|4.117873192071299,195|3.303427594863716,196|3.4544189659402456,197|3.5698642265091634,198|3.979787369655978,199|4.252547671478484,200|3.3903620826364325,201|3.188792097323547,202|3.435146560353661,203|3.3025380577154246,204|3.277197700594117,205|4.017511617854654,206|4.019924547218745,207|3.4670001791479894,208|3.3772618889086345,209|3.249123411295662,210|3.632034616132605,211|4.061511281248901,212|2.6854137224755297,213|4.073179721169708,214|4.707568634908398,215|4.121578495902664,216|3.6074975268750973,217|3.460199836333372,218|3.722484914561378,219|3.6953338840955237,220|3.006061993056832,222|3.9590837111263006,223|4.369848304229263,224|3.716035878235141,225|3.846967028569682,226|4.399857659597698,227|3.34037300387073,228|3.453510698534499,229|4.025844937521338,230|4.06241136379243,231|3.666240608689341,232|4.2528428150084565,233|3.8552073650245413,234|2.9860579008915593,235|3.9503665117005884,236|3.729509914784698,237|3.6532036046051917,238|3.19169833995291,239|3.3899931607089457,240|3.546508054782189,241|3.3810504395771845,242|3.9726907548099293,243|3.4850968801219135,244|2.9915986343206855,245|3.7396072472785407,246|4.488909392354559,247|4.357406372653509,248|3.2636434495141193,249|4.093022778100567,250|3.418042983322244,251|3.805618812470079,252|3.6315932880024135,253|4.007307963813342,254|3.5393797584959983,255|2.881899135381257,256|3.030681401062676,257|3.9535593448078004,258|2.783736198778553,259|3.637333240314659,260|4.798811675491157,261|3.9581988729414666,262|4.1730046800694485,263|4.428159893694992,264|4.033552276385286,265|4.080212866503691,266|3.8543272678005893,267|3.215702533343509,268|3.777401077271742,269|3.9805780200507086,270|3.584681127286465,271|3.68677139644059,272|4.011767094800677,273|3.523738744955473,274|2.9193901011574432,275|3.2314442765322626,276|3.242292878284769,277|3.803140355173687,278|3.2394346171922823,279|4.132641484234953,280|4.313727863013177,281|3.9623554128755067,282|3.7577778928311885,283|3.177530904021899,284|4.416714723161512,285|3.492419357644354,286|3.5908055989417953,287|3.375827366808375,288|3.618172807522182,289|3.6548618116985345,290|4.187145714442611,291|2.917973891157269,292|3.85739771165844,293|4.514013921049325,294|3.460184935570637,295|3.64730818973211,296|4.490994801651573,297|3.57627667075112,298|4.045562915813868,299|4.003980052934916,300|4.050732622221866,301|3.7864717755384847,302|4.342185743433903,303|3.556914352007542,304|3.8074371567712957,305|3.1588826128620315,306|4.331006286750684,307|4.2664464731301575,308|4.130822181702181,309|3.7946735439511636,310|3.487006277911358,311|3.6176124181957245,312|3.1461082555048714,313|3.528731694679643,314|4.066868613415532,315|3.0683295378606745,316|3.8541992195703085,317|3.616354318395407,318|4.893069051473585,319|4.3735440931416205,320|3.9443717948572914,321|4.077182078880396,322|4.235355848654567,324|4.113716768846993,325|3.3244268976389497,326|4.518633747052398,327|2.94062375681114,328|3.582441552583104,329|3.7171184242628703,330|3.1421889822210396,331|3.640003299408114,332|3.265115890694887,333|3.884103548137393,334|3.8930460092969374,335|3.8775729487415607,336|4.329624561068945,337|4.128356131371258,338|3.5868407922185104,339|3.8314462700843506,340|3.6752465893225716,341|4.004447280754221,342|4.072530543252594,343|2.9243050060866738,344|3.58781899725909,345|4.092776119927244,346|3.796674348324511,347|3.6537187181619077,348|3.983753735835921,349|4.200026519323811,350|4.127508437678465,351|3.6148644451215564,352|3.7002617018743837,353|4.0572155029674235,354|3.745465628450444,355|2.653482698980447,356|4.40249606340815,357|4.07912881790479,358|3.713117892629111,359|3.4036809378858544,360|3.3795999648259847,361|3.8408937540104757,362|3.660693984401796,363|4.401883307514519,364|4.076319011485852,365|3.4463979260049573,366|3.4273138972859014,367|3.793008542177658,368|3.8617179043530663,369|3.7660398447943213,370|3.3650164012475954,371|3.7348056639880935,372|3.702955339209618,373|4.3274948742331665,374|2.669693587523913,375|3.938543854116773,376|3.7768847693599974,377|4.063568357101385,378|3.5252567145944878,379|3.445708694583229,380|4.0745968153311845,381|3.713973934052877,382|3.647514745945313,383|3.671872879347687,384|3.7565953975257225,385|3.9590154182470165,386|3.5250209395716117,387|3.3482486770274975,388|4.048375435312413,389|3.920817685639653,390|3.882697191121347,391|3.8654286268749196,392|3.4261990086082394,393|2.8147451261164047,394|4.074336806904887,395|4.34101198065226,396|4.34101198065226,397|3.3618954418181364,398|3.920294074209506,399|4.34101198065226,400|4.34101198065226,401|4.408732333192372,402|3.675683653610715,403|4.271664864830195,404|4.36025158724008,405|2.793478941950905,406|3.6200318362836836,407|3.6950165910047787,408|3.5666069476449644,409|3.662629117142332,410|3.4097356788430373,411|3.332431056924876,412|4.005565577885765,413|3.2142479623162235,414|3.1236622106361804,415|3.056368074633551,416|3.1524829860852597,417|3.770186814083269,418|3.070368158174908,419|2.969250837996632,420|3.041572967490244,421|3.672440990852129,422|4.039319737613617,423|3.817204686855546,424|3.3630495015941646,425|3.72269706450963,426|3.662310657249181,427|3.123578882602841,428|4.287254379096679,429|2.9639592497002836,430|3.0963130351261654,431|4.23063107106164,432|3.1152805034899202,433|3.4342067507652656,434|3.643078286898687,435|3.0729777230025723,436|3.5414594820044716,437|2.749077719719974,438|3.205581324618027,439|3.6247200412126928,440|4.160082450121477,441|4.083237714906267,442|3.591880402316442,443|3.5656572463803373,444|3.0679811273623723,445|3.56217533853797,446|4.276561009307089,447|3.26724426047544,448|4.045522100356454,449|3.911266146783377,450|3.8781513529231066,451|3.7076538064502165,452|3.806974753671821,453|3.5254646130098877,454|4.2087703685258,455|3.1073559034032625,456|4.285592508015693,457|4.460238453939395,458|3.6224191380594037,459|3.5431830896719556,460|2.74431807694081,461|3.778867670053682,462|3.192582718924851,463|3.602149593463669,464|3.5860222660310344,465|3.7490878891505934,466|3.187480843920921,467|3.596863909650295,468|3.745493090423685,469|3.53362388074913,470|2.8043803574460475,471|4.03579663074045,472|3.4226158801426156,473|2.8346953843243226,474|4.400219319516387,475|4.267835210303184,476|3.532454077308013,477|3.9851867866115143,478|3.0966124731296247,479|3.721888872925005,480|4.209943242493531,481|4.08829660960537,482|4.034444024253574,483|4.188437852587738,484|3.1279117332598725,485|3.1786235211001683,486|3.024955820644456,487|3.1738677871370684,488|3.9209654746153086,489|3.084424693655689,490|4.078649869635058,491|3.858113802721723,492|4.206209029206296,493|4.08405210731794,494|3.9010200805232254,495|3.7110191156608794,496|3.442249949776156,497|4.267950768288644,498|3.4354657815842464,499|3.433864975238216,500|3.8287847757820264,501|4.041078161727109,502|2.6090093926202624,503|3.468593837542887,504|3.571767042970333,505|2.918871977633097,506|3.6840424929039606,507|3.923522540477293,508|4.1607087222451655,509|3.9385664594592606,510|2.9933710208297972,511|3.7056443633812526,512|3.4691697822857046,513|3.487802143839434,514|3.8784664460703224,515|4.146188511313618,516|3.391647991523028,517|3.762914059561722,518|3.1157893604003677,519|2.6655362943394927,520|3.3903990745637143,521|3.9932540441033675,522|4.005582051692273,523|4.006806096222026,524|3.975301190853,525|4.060336208548776,526|3.862859842486073,527|4.79089943368254,528|3.1839122362628465,529|4.313310967667959,530|4.34101198065226,531|4.016601781887151,532|3.6276262676045645,533|3.360688159009835,534|4.095682590640278,535|4.157028451365573,536|3.882992052397681,537|3.5142026699326188,538|4.034774081519561,539|4.064487583154972,540|3.2929379260812803,541|4.793362964105056,542|3.1559514887658655,543|3.770024151774148,544|3.3819473020224295,545|3.6905791663747474,546|2.575403464830681,547|3.425862538896073,548|3.3589106016022168,549|4.087794585211305,550|3.623389386627529,551|3.854073597604339,552|3.66663818653698,553|4.3290389933916495,554|3.53659042166566,555|4.282204759586728,556|4.591430255196082,557|4.34101198065226,558|3.04408246367461,559|3.8081154555355705,560|4.34101198065226,561|4.365163532709779,562|4.18943542843603,563|3.722540679509394,564|2.898380009461654,565|3.8488504099606806,566|3.3405679809456066,567|4.34101198065226,568|4.074527182839643,569|3.385027421082114,570|3.8832422154552257,571|3.978050298368485,572|4.34101198065226,573|3.8734040838307875,574|3.9455170915714204,575|3.7575642508814706,576|4.359327176168784,577|3.6269974182599727,578|4.302056632536363,579|4.399857659597698,580|3.835114775865375,581|4.207809722788435,582|3.794565438548024,583|3.7637164954722095,584|4.34101198065226,585|3.5971836301773426,586|3.9022333922237618,587|4.081988307657332,588|3.979167317026948,589|4.263801802619394,590|4.082803430607026,591|4.397737917583302,592|4.032160336534354,593|4.263756815207709,594|3.8648871550117048,595|3.989005859576172,596|3.6568310308658587,597|3.9768996074000307,598|3.846746321500947,599|4.11115195969015,600|3.6060968153723536,601|3.911412275708609,602|3.9969889065305737,603|3.3699335841773443,604|4.36025158724008,605|3.6054699026558277,606|2.990533864400989,607|4.34101198065226,608|4.561715356974634,609|3.1742577262361973,610|4.063885142890596,611|3.080869026282056,612|3.0888522063633213,613|4.070908838047147,614|3.7850822201788508,615|4.166227988519784,616|3.5567694320316665,617|4.071695704149784,618|2.9424382944770824,619|3.020843859055773,620|4.34101198065226,621|3.697233402003696,623|4.338890781281488,624|4.060142553197775,625|4.34101198065226,626|3.0985803195063504,627|4.147730610784213,628|4.3891938583951084,629|4.34101198065226,630|3.5818138220790092,631|2.746578830809951,632|4.372707382576574,633|3.759081312400944,634|3.4664684222275284,635|4.051341559679042,636|4.34101198065226,637|3.1980590704932297,638|3.795245392483816,639|3.3574432476952283,640|3.6677390589905645,641|3.5404952220952364,642|4.34101198065226,643|4.359327176168784,644|4.359327176168784,645|3.7471648941530757,647|4.0367517212480095,648|3.898839227816852,649|4.265463837039569,650|3.860753138534745,651|3.658729663966442,652|3.417796408548691,653|3.5420450911001904,654|4.301444200589902,655|4.359327176168784,656|3.066152594806064,657|4.328515486157182,658|3.86433512254255,659|4.215128044216683,660|3.6814302801669507,661|3.6733015466435344,662|3.913872660141797,663|3.667518400653349,664|3.276192192341761,665|4.108418267260978,666|3.988656515340189,667|2.9360683457364196,668|4.316336592295965,669|4.34101198065226,670|4.157034579221583,671|4.08381322681524,672|4.34101198065226,673|3.189693738719405,674|3.564160170472219,675|4.397737917583302,676|4.34101198065226,678|4.723564120773009,679|3.943666504137874,680|3.806043852389848,681|3.945711878942525,682|3.712894484036022,683|4.36025158724008,684|4.34101198065226,685|3.9078543957325658,687|3.8598556153780836,688|2.6295076830356194,690|3.9186109533091504,691|3.452545730778742,692|2.918954841156841,693|4.34101198065226,694|3.3710186024526165,695|3.8609351729925985,696|3.7166091953332887,697|3.2303012779689557,698|3.778484445022125,699|4.34101198065226,700|3.820389775905558,701|3.9063458631409578,702|4.2233516642580256,703|2.7618109246850797,704|2.9275591493951216,705|3.994892327735723,706|3.735353899046457,707|3.7310033663898814,708|3.8010104475432573,709|3.3383184964773096,710|2.9672461899439746,711|2.845154955795132,712|4.095872382293963,713|3.878824226382405,714|4.323852162936433,715|4.055046936947136,716|3.6071010442478495,717|3.732455069912798,718|3.7896200358829373,719|3.2865672946787035,720|4.537203308873087,721|4.34101198065226,722|3.9810605067895297,723|4.34101198065226,724|3.45332149697977,725|3.1758736788147237,726|3.774810211957218,727|4.36025158724008,728|3.8688152370985573,729|3.7435977783794483,730|4.34101198065226,731|3.6497632503544617,732|3.7196668327947493,733|4.112319442161458,734|3.7016770004426363,735|3.5694646243661454,736|3.511841591643826,737|2.8791154348419266,738|4.34101198065226,739|4.359327176168784,741|4.679472417331437,742|3.2816050796986067,743|3.20927144620779,744|4.34101198065226,745|4.775064713225438,746|4.276341932273917,747|2.4965412029529865,748|3.733072856787648,749|4.34101198065226,750|4.738856064133545,751|3.7308575818334715,752|4.3241278306462405,753|3.6809848124092506,754|3.501807632062391,755|3.7833367048885744,756|3.9749925823783023,757|3.869787665878485,758|4.34101198065226,759|4.443233257341889,760|4.033170897658506,761|3.3895678695764113,762|3.186076324686778,763|3.8494728842961,764|3.760420586357967,765|3.559421213826078,766|4.049907402756716,767|4.34101198065226,768|4.34101198065226,769|4.36025158724008,770|4.34101198065226,771|3.8169214813440906,772|4.359327176168784,773|4.34101198065226,774|4.34101198065226,775|3.5581272408988003,776|3.7261175271320166,777|4.364443460214993,778|4.21081721619028,779|3.20690811009289,780|3.9153177345866945,781|3.8229097912170635,782|3.3149040765404942,783|3.544129952718214,784|3.467668238486623,785|3.85297473585048,786|3.6636555995379645,787|3.9933912360472723,788|3.3822670254862537,789|3.794990888073748,790|3.8558771664405853,791|4.002922022516236,792|3.684063440879931,793|3.900783387302287,794|3.773649879318035,795|4.34101198065226,796|4.34101198065226,797|3.855292150073136,798|3.366348309909645,799|3.9575463339574997,800|4.342870281287077,801|3.4105837877939926,802|3.790634288565937,803|3.8544767140519696,804|3.4468369360679967,805|4.148427345411964,806|3.7633150714033974,807|3.351471725213871,808|3.3579351051623574,809|3.1581483859827273,810|2.389584360753052,811|4.359327176168784,812|4.34101198065226,813|3.1569832706524865,814|4.34101198065226,815|4.400485092329043,816|3.798813105919441,818|3.1095826972850924,819|3.8220458882457056,820|3.4501635241947324,821|3.877091602564801,822|4.34101198065226,823|3.7719747524810225,824|4.023106354913098,825|4.3241278306462405,826|4.34101198065226,827|3.7545692117447373,828|3.3060075111263814,829|2.8638652501283564,830|3.3572665052597834,831|4.3396241583947575,832|4.143364769915557,833|3.077633218279545,834|3.6209134747582827,835|3.6073639194573595,836|3.254116937981661,837|3.8461016968628163,838|4.13065452474724,839|3.0419846548040557,840|3.1203796687116556,841|4.192282255170263,842|3.2192154340485493,843|3.8421336558239174,844|3.999504851969057,845|3.905127069447344,846|3.949958543874483,847|3.1923819558350814,848|4.060287703252049,849|3.2342836701406448,850|4.048020828913023,851|3.8771436710505975,852|3.7516913597447283,853|3.9618981295510736,854|4.316018783690661,855|4.34101198065226,856|3.7519017981345426,857|4.34101198065226,858|4.773689595005898,859|4.36025158724008,860|4.006520870613949,861|4.00329830498194,862|3.814902790044854,863|3.7773554184896074,864|3.751014393329258,865|3.9451792393686347,866|4.372755377868909,867|3.007086719525841,868|3.853113657762402,869|3.487218213586769,870|2.804669136347627,871|3.847205662303775,872|3.846614267622935,873|4.34101198065226,874|3.6481703958538096,875|3.6221071019071234,876|3.295214598102989,877|4.197366447063509,878|4.34101198065226,879|3.430431401656633,880|2.991978867144612,881|3.0689941676727033,882|3.79518878564239,884|3.7559995549813956,885|3.2506968257521756,886|3.600484844620355,887|4.34101198065226,888|2.9489460977235846,889|3.808854575387357,890|4.399857659597698,891|3.1145999002027227,892|4.017950118402632,893|4.022528193498465,894|4.338890781281488,895|3.7069733945494976,896|3.826405466858291,897|4.123641107771644,898|4.476020857212077,899|4.420874471369957,900|4.114061193730908,901|4.0291449216874105,902|3.9393411227633397,903|4.5857694530974715,904|4.639248118498127,905|4.189603914273932,906|4.320825461868328,907|3.9783949678354604,908|4.55096496295669,909|4.639934524039121,910|4.292522788013843,911|4.742498043954317,912|4.5149881163474,913|4.56003648071339,914|4.184614300833817,915|4.040000815050859,916|4.190405120912066,917|4.012366940134345,918|3.8820885528703073,919|4.317338869792178,920|4.19018161510391,921|4.0308140920371835,922|4.567105820530635,923|4.4712856143867015,924|4.217978859075872,925|3.915105893466759,926|4.3654929023987705,927|3.9765563850348373,928|4.542596463046781,929|4.258113359801325,930|4.6762401669058455,931|4.296683815393824,932|3.8494140247523765,933|4.480580046581347,934|4.005343062294294,935|3.8593601708900698,936|4.180695679895948,937|4.129619117115479,938|3.684337853519663,939|3.86709451096707,940|4.212470810531897,941|3.611405843708626,942|4.645207449399505,943|4.166160542325326,944|4.121885790553725,945|4.399368794674304,946|4.208624328009206,947|4.3106730420866395,948|3.9897698885697856,949|4.062800052682598,950|4.4359073749916735,951|4.40361214386746,952|3.9697054223026154,953|4.461397273857923,954|4.465334355795325,955|4.2690286125894055,956|3.964178924723039,957|3.9288853828654053,958|3.875463992113874,959|3.87007940124593,960|4.12531046967924,961|3.93946858700068,962|3.866006068315419,963|3.999262908658883,964|3.9032985463790766,965|4.450805255225453,966|3.841095280617702,967|3.871605087988436,968|4.141031655811907,969|4.46861095396705,970|4.052918283334156,971|4.275797099520959,972|3.876487591453934,973|4.301409160017863,974|4.084460677285904,975|4.363760836549963,976|3.86747584760955,977|4.341290858688721,978|4.34101198065226,979|4.329624561068945,980|3.7847277045612997,981|3.6039798653289634,982|4.079886691006627,983|4.338890781281488,984|3.553254423756137,985|4.0529512052490455,986|3.9387419743764487,987|3.706614882577508,988|3.6853563695477916,989|4.03619158609985,990|3.4460996828255226,991|3.9414062036944584,992|3.5714282671574633,993|3.747297556614763,994|4.289886576388377,996|3.5003500039314397,997|3.906044682327134,998|3.7331601348317127,999|3.856416459142228,1000|3.4312682757830792,1001|4.359327176168784,1002|3.763657280800298,1003|3.750429481044422,1004|3.2952363393395734,1005|2.9968496310370485,1006|3.648754865488983,1007|3.3975779583851304,1008|3.6664227636586486,1009|3.5655942126343074,1010|3.589391069770433,1011|3.2165766881731117,1012|4.034447108183934,1013|3.811480017635571,1014|3.7811927573860626,1015|3.6650056393167993,1016|3.562707133696642,1017|3.734570332274817,1018|3.6396424724221514,1019|4.080385275211972,1020|3.54650406166994,1021|3.1724941327063525,1022|3.967358592406722,1023|4.01897687844591,1024|3.7665955016343085,1025|3.8319412213744286,1026|3.7173532939156493,1027|3.7771785702421345,1028|4.018951918656798,1029|3.8445945772212284,1030|3.2720874278993284,1031|3.644387966040959,1032|3.945573914653893,1033|3.8977551215790642,1034|4.038117891101479,1035|4.191614687250459,1036|4.579654604295823,1037|3.397875121615072,1038|4.077953845032029,1039|3.8035478140266408,1040|3.937793070021722,1041|4.141762322364092,1042|3.8126847154958763,1043|3.3489405519543194,1044|3.8248275375313145,1045|3.708871917427236,1046|4.261085762913394,1047|4.123540267528254,1049|3.8298737980667497,1050|4.291160491404614,1051|3.9231374384754227,1052|4.34101198065226,1053|3.401736478384267,1054|3.7253732805462336,1055|3.518846357827866,1056|3.9802056377560997,1057|3.8904900425809523,1058|3.6913840282015835,1059|3.863011130896613,1060|4.263088538495385,1061|4.005819983326427,1062|3.7992812568237078,1063|3.489123249321547,1064|3.3595004285341,1065|4.341290858688721,1066|4.317186747068586,1067|3.9222220872793585,1068|4.3776999545112965,1069|4.555284101208281,1070|3.7785833795817645,1071|3.7833747500110735,1073|3.896049790501456,1075|3.8323711571607944,1076|4.201677085515057,1077|4.294558886401571,1078|4.015878610812138,1079|4.253220363562445,1080|4.174952709182329,1081|3.9736324250223953,1082|4.094006899384156,1083|3.7444758517591072,1084|4.3766277658112305,1085|4.1512253271308275,1086|4.543609003509822,1087|3.7422756455015866,1088|3.5375650923349937,1089|4.490261924203451,1090|4.520251613472359,1091|3.4197530182723455,1092|4.197460732992893,1093|3.7468750933843453,1094|4.04736527515431,1095|4.208197571056301,1096|4.3111985280574805,1097|4.234943167839194,1098|3.663376486216113,1099|4.270202951522047,1100|3.3827963241944206,1101|3.969711181539618,1102|3.4515958471150636,1103|4.229374596202803,1104|4.4453194857775085,1105|2.833274044590869,1106|4.36025158724008,1107|3.604611551842601,1108|4.36025158724008,1109|4.34101198065226,1110|4.392262229035115,1111|4.382966198800088,1112|3.876262515876575,1113|3.379255177986296,1114|3.4928142313481114,1115|4.328515486157182,1116|3.672224211204256,1117|4.127749505399649,1118|4.316221604733769,1119|3.6187096826802083,1120|4.0351196305675705,1121|3.3465294698651924,1122|4.36025158724008,1123|4.151658135310415,1124|4.089303235413918,1125|4.102690990457064,1126|2.9906803197069447,1127|4.275602892003235,1128|3.5893601961937978,1129|4.106109256700851,1130|3.88032232168488,1131|4.482924217440807,1132|4.320382950857008,1133|4.328515486157182,1134|3.7614455759446925,1135|3.722421735988496,1136|4.618035051938492,1137|3.737076025901509,1138|4.2904937960213045,1139|4.34101198065226,1140|4.34101198065226,1141|4.34101198065226,1142|4.34101198065226,1143|3.8075747428473896,1144|4.124926665795037,1145|4.36025158724008,1146|4.328515486157182,1147|4.348735432746756,1148|4.73534491160833,1149|3.7867014234352636,1150|4.280393388038511,1151|4.051265715764014,1152|4.098902062362937,1153|4.155510556227871,1154|4.366957244988863,1155|4.34101198065226,1156|4.34101198065226,1157|4.34101198065226,1158|4.359327176168784,1159|4.338890781281488,1160|4.359327176168784,1161|4.104580604964602,1162|4.121439329237452,1163|4.34101198065226,1164|3.822764257787946,1165|4.375175544857167,1166|4.359327176168784,1167|3.21469929342332,1168|2.7631526684030003,1169|4.442670478532623,1170|2.772924806133639,1171|4.157873345656662,1172|4.4010085407267905,1173|3.7632820005951793,1174|3.776208137910289,1175|4.476925999735261,1176|4.114540577314215,1177|4.086424387596819,1178|4.658896090536427,1179|4.147365785465645,1180|4.268451378379944,1181|3.4149118288861366,1183|3.877362330342872,1184|4.098474576346742,1185|4.187485123707342,1186|3.89548971325363,1187|4.079348928122414,1188|4.205769993765463,1189|4.46219412890397,1190|3.8438538565305027,1191|3.733025730548379,1192|4.264482848174737,1193|4.6426951628083994,1194|3.7874250621839405,1196|4.617125899354165,1197|4.33354148559963,1198|4.747910435135202,1199|4.481993054245976,1200|4.693010114532294,1201|4.511073139455249,1202|4.0961212117660875,1203|4.686974914957473,1204|4.751028284170852,1205|4.443473413330061,1206|4.382852119593383,1207|4.631529122832309,1208|4.574506899249886,1209|4.494232887543818,1210|4.429364949381638,1211|4.241944693793077,1212|4.773375368434163,1213|4.480806558639942,1214|4.726464102069017,1215|4.302880023675986,1216|4.001983845158246,1217|4.641809914830786,1218|4.6138774845032025,1219|4.647045727076694,1220|4.315456829581051,1221|4.695695036773469,1222|4.465035957364995,1223|4.490497417050785,1224|4.5580870762674355,1225|4.483981974593093,1226|4.368539948256878,1227|4.488417445656573,1228|4.424515475913006,1230|4.282536645525967,1231|4.481932274913811,1232|3.9042437999936355,1233|4.599775366059614,1234|4.584214864705407,1235|4.336628566103361,1236|4.3019087628477,1237|4.535538014412557,1238|4.15313586752569,1240|4.666248270639242,1241|4.10807278380495,1242|4.522729777255557,1243|4.187577721944635,1244|4.1283615861668785,1245|4.268569828301309,1246|4.292576463508822,1247|4.400017917776658,1248|4.592662832820821,1249|4.655352540715487,1250|4.615629428403679,1251|4.217397870413619,1252|4.75161169875295,1253|4.590536395106591,1254|4.47695416538828,1255|3.849315209600185,1256|4.336900968808966,1257|4.174241846094237,1258|4.493782865262599,1259|4.5123641593807005,1260|4.706632208821434,1261|3.9414927119951355,1262|4.638039486426219,1263|4.5134033393076844,1264|4.481438510815055,1265|4.212973133018076,1266|4.418712692663441,1267|4.696461291866067,1268|3.929105005137285,1269|4.589593827214413,1270|4.441660363220436,1271|3.9618604327925917,1272|4.528196484021462,1273|4.037723180085316,1274|4.308909847238526,1275|4.204503139637426,1276|4.519959268138766,1277|4.274459394018326,1278|4.443509717113322,1279|3.9900537078367524,1280|4.357849605308148,1281|4.591464627646903,1282|3.8997660251978545,1283|4.601007132700059,1284|4.659602287487047,1285|4.149000412848808,1286|3.7909367515659596,1287|4.461713623627596,1288|4.32214439094249,1289|4.491395288353931,1290|3.8450999330951205,1291|4.326950533206276,1292|4.344492352893608,1293|4.3638665739335565,1294|4.345253711313493,1295|4.089705584636503,1296|4.291036301172545,1297|4.0856068009886615,1298|3.7582570898773424,1299|4.545548368244682,1300|4.311530707306312,1301|4.4540445666224535,1302|4.2405571587432,1303|4.409005760777838,1304|4.515230691648954,1305|4.02271246458173,1306|3.9350769153361,1307|4.237790436777091,1308|4.359327176168784,1309|4.301444200589902,1310|4.265534945855494,1311|3.592586944095225,1312|3.644983609724263,1313|2.8677700525691603,1314|3.842251179093336,1315|3.481117848474505,1316|4.34101198065226,1317|3.5323118758457417,1318|3.854028867282981,1319|4.36025158724008,1320|3.781166040136509,1321|4.165492705803236,1322|2.328712785217971,1323|2.3972313765998132,1324|2.352535559543588,1325|2.49040248956333,1326|2.7153024345880308,1327|3.613782761337137,1328|2.5645467287714236,1329|3.1307343253277855,1330|3.4088298583464285,1331|3.7279970165394514,1332|3.7440043377324406,1333|4.382664202649369,1334|3.72940284762684,1335|2.866544767941526,1336|3.0847502882791873,1337|4.153249839707293,1339|3.890853804015605,1340|4.3027396745860695,1341|3.332498152940833,1342|3.660542760608755,1343|4.372502060190367,1344|4.492705237944558,1345|4.1326283882382935,1346|3.711365123104959,1347|3.9374867048741566,1348|4.264499364411912,1349|3.820261659199672,1350|4.089830671657155,1351|4.104452214226638,1352|3.4607398000589926,1353|3.4394474267746347,1354|4.111464611389124,1355|3.8126841069730517,1356|4.0965796180733705,1357|4.083974449030794,1358|4.646984149073694,1359|2.9122375583084503,1360|3.816058662744754,1361|4.482042039303224,1362|4.34101198065226,1363|3.3399380340884552,1364|3.9232049490017373,1365|4.2043250142324,1366|3.8733393137049177,1367|3.4925797416240427,1368|4.34101198065226,1369|3.749610093454395,1370|4.072274825123506,1371|3.6402203139793823,1372|3.730768260716011,1373|3.2688014855636194,1374|4.17510243313945,1375|3.7167077179458885,1376|3.9578726976263123,1377|3.4660920853592376,1378|3.9984793799097504,1379|3.5584276498260268,1380|3.8215752377359493,1381|2.57502899766299,1382|3.2183918031742937,1383|2.4254092062958987,1384|3.6953920504342093,1385|3.8379936810978723,1386|4.307588650604663,1387|4.504704653348064,1388|3.3058986974849143,1389|2.6798957233550533,1390|3.651522489665073,1391|3.3455605926553122,1392|3.918135836555621,1393|4.03711979497241,1394|4.254972222724979,1395|3.7934577969115324,1396|4.204678505128355,1397|4.023783776420845,1398|3.5012809021407234,1399|3.6686628005786224,1400|4.34101198065226,1401|4.039929688807176,1404|3.823843918025122,1405|3.9470273842635564,1406|4.0559068433281595,1407|4.21116202207233,1408|4.041725159988071,1409|3.7804793855502417,1410|3.682903178128292,1411|4.093466748659917,1412|3.983987886093766,1413|3.920145958922108,1414|3.86319231635862,1415|3.682331900285461,1416|3.7481759045927645,1417|3.765737027846213,1419|4.05402013437411,1420|4.063469576264034,1421|4.36025158724008,1422|3.956786486678144,1423|4.043110488648804,1424|4.392262229035115,1425|3.68450317987981,1426|3.4309512148956656,1427|3.86136741638146,1428|4.34101198065226,1429|3.9479241917112864,1430|3.71777839674201,1431|3.812372871080341,1432|3.9002402720012217,1433|3.5874739419459076,1434|4.392262229035115,1436|3.807262466685935,1437|3.9085804581111807,1438|3.715208120671069,1439|3.465403662447361,1440|3.6428238610262538,1441|3.6851250980428496,1442|3.8810084195852665,1443|4.36025158724008,1444|3.905619864715641,1445|3.4212862117983267,1446|4.020221319357274,1447|3.7879543483259157,1448|4.36025158724008,1449|4.36416133701338,1450|3.9871262576219406,1453|2.6398581256818403,1454|3.8890377627865353,1455|3.8855322101956347,1456|2.6130632564435814,1457|3.721540316664865,1458|3.8184430099374165,1459|3.942741148650402,1460|3.303787316541394,1461|2.962580408408458,1462|4.36025158724008,1463|3.759631720443461,1464|3.716525096685531,1465|3.7066713739575956,1466|4.246539848058739,1467|4.328515486157182,1468|3.021366872669862,1470|3.910605761852628,1471|3.869466095660674,1472|3.8654315121648297,1473|2.857912563077602,1474|2.7488570919760766,1475|3.3271703027235837,1476|3.9066917339436156,1477|3.9196737768344834,1479|3.745915829666365,1480|3.9533421861229936,1482|3.8682033446156723,1483|3.264037254445107,1484|4.037527336398915,1485|3.749711409362474,1486|3.9434774689825405,1487|3.1433656044834484,1488|3.662572241993145,1489|3.482444155642895,1490|4.359327176168784,1493|3.7928017919341537,1494|4.359327176168784,1495|2.134539901577932,1496|3.914999212146425,1497|2.5848834242188126,1498|3.7007363459420413,1499|2.7913708560754054,1500|4.226298166924097,1501|3.1149705745890013,1502|3.7981500808735946,1503|3.0550191817317254,1504|3.9411060354065075,1507|3.8524089435910147,1508|3.863028755082283,1509|4.29874755956161,1510|4.34101198065226,1511|3.8039842621745654,1513|3.4508578321652883,1514|3.420773555219138,1515|3.223303450922954,1516|3.7869557928880373,1517|4.095857939947104,1518|4.015518630559691,1519|3.6511828482091486,1520|3.152425477832816,1522|4.34101198065226,1523|3.2004878814602398,1524|4.34101198065226,1525|2.5790971228999178,1526|3.13327502615346,1527|4.2039515749593335,1528|4.359327176168784,1529|3.641466554818251,1531|3.8288975856725234,1532|3.594071573520276,1533|4.208022584898159,1534|3.808538411685488,1535|3.8261658703254033,1537|4.218123870869942,1538|2.052280883114463,1539|3.407681542925527,1541|3.54380750950662,1542|3.956063144766369,1543|3.4822005836593384,1544|3.4572551505770646,1545|4.152071107141017,1546|4.120324557561229,1547|3.927176725073619,1548|4.34101198065226,1549|3.280468983375026,1550|3.186900962549603,1551|2.9978348572583453,1552|3.8276758924024636,1553|4.359327176168784,1554|3.8829876673029373,1555|3.840902826067528,1556|2.6194699616155335,1557|4.34101198065226,1558|4.359327176168784,1559|4.34101198065226,1561|4.359327176168784,1562|2.725442839561448,1563|4.048754684170984,1564|4.19287768407023,1565|3.591699612943585,1566|3.6976957253982468,1567|3.7733372368850002,1568|4.311852553748908,1569|3.8441842478977097,1570|3.61019345500537,1571|4.069427576683537,1572|3.9580358329738674,1573|4.018725231184182,1574|3.5702939093568515,1575|3.6392001825702422,1577|4.34101198065226,1578|4.388162755560005,1579|4.34101198065226,1580|4.161575168742127,1581|3.153046850360991,1582|3.5618661129601046,1583|2.9576717367194387,1584|4.25150180033571,1585|3.6583828382606853,1586|3.52282995399967,1587|3.8594122383747465,1588|3.338049663447073,1589|3.8891345325220827,1590|3.269917854632734,1591|3.262369774668721,1592|2.9026869917574873,1593|3.4026578807494885,1594|4.17292383708789,1595|2.3006455386828404,1596|3.985205696885665,1597|4.023850103925632,1598|3.423798205271676,1599|2.36235649193113,1600|3.4448847837776286,1601|3.402228385292165,1602|2.5057369431606276,1603|3.430099081630022,1604|3.0710402643491093,1605|3.0755602036877274,1606|2.858885213904596,1608|4.009087444220986,1609|3.3308352165677846,1610|4.445525751424163,1611|3.9184378151491686,1612|3.580106243372117,1613|3.7193637509761586,1614|3.590449814867136,1615|4.139810369757374,1616|3.7871106532326753,1617|4.6329438901770175,1619|3.896515807755132,1620|3.9626215727094154,1621|3.7687639008621705,1622|3.65760512404497,1623|3.252323460114736,1624|3.5956381701033795,1625|4.372802868437601,1626|2.9859123866135953,1627|3.7092769391068083,1628|4.34101198065226,1629|3.5117811505820855,1630|4.328515486157182,1631|4.119687360286677,1632|3.180055849286596,1633|3.9340461269780027,1635|4.114632766099907,1636|3.789588134756557,1639|4.12745755256293,1640|3.1209816317102343,1641|4.146355923096424,1642|3.564570069059247,1643|4.149427226748098,1644|3.2683564806609766,1645|4.052932448328161,1646|2.9689757993405177,1647|3.619762350201587,1648|3.7693655472241367,1649|4.139417201436464,1650|3.805169085305727,1651|4.01922807318904,1652|3.957638539542093,1653|4.236299356228142,1654|3.498131761707461,1655|3.111525218849483,1656|3.5805881663290835,1657|3.8809389173370086,1658|3.6380972143175256,1659|3.9625503777510986,1660|3.9665960483980385,1661|3.9353885516660707,1662|3.4087259948124315,1663|4.21835409921865,1664|3.8814860873098045,1665|3.190122514185852,1666|3.3700255509958787,1667|3.4801403306523824,1668|3.2503615104278096,1669|4.338890781281488,1670|3.917348134172339,1671|3.8343414892931684,1672|4.154200062676933,1673|4.162821870274875,1674|4.479041725735144,1675|3.924120756330194,1676|3.6349181233744,1677|3.5112814872734512,1678|4.049910165604723,1679|2.5597840682328448,1680|4.0456726479638645,1681|2.8015734960062604,1682|4.321109302161776,1683|4.081696147111839,1684|3.8588094507061252,1685|3.895537745976443,1686|3.8866846788110285,1687|3.7581572289228404,1688|3.650594900533309,1689|3.6109497654925917,1690|3.663847070379501,1692|4.405945815540639,1693|4.125299145383321,1694|4.074745183411731,1695|4.002267088617759,1696|3.918945214158807,1697|4.388162755560005,1698|3.766133480780148,1699|3.845981172137571,1701|3.8144509966011864,1702|3.0056105781269693,1703|3.133413064375832,1704|4.560202832461776,1705|4.34101198065226,1706|4.34101198065226,1707|2.50922948526248,1708|4.34101198065226,1709|4.399857659597698,1710|4.34101198065226,1711|3.710207179146157,1713|3.353905639044717,1714|4.338890781281488,1715|3.7201491273822027,1716|4.34101198065226,1717|3.6062444125421314,1718|3.662407300281858,1719|4.331571251812014,1720|4.337477599079216,1721|3.899181493375065,1722|3.8789234762622513,1723|3.8818368450877676,1724|4.34101198065226,1725|4.1666475498651145,1726|3.3945278960611085,1727|3.468156774226073,1728|3.736569932849319,1729|4.118061957932511,1730|4.098633312032283,1731|2.5103085888595067,1732|4.0412075180481075,1733|3.576427487635854,1734|4.0810384114427505,1735|3.8179799926695566,1738|4.359327176168784,1739|2.0662607383336518,1740|4.373183569764441,1741|4.34101198065226,1742|4.388162755560005,1743|4.403953003497021,1744|3.2544063815639785,1746|3.2177451825955057,1747|3.862083944461914,1748|4.518677721585572,1749|3.9227833488389225,1750|3.0720256512478494,1752|3.413560843298569,1753|3.695546957325534,1754|4.0582151214343645,1755|3.995014953711878,1756|3.2909828136964685,1757|3.850276387936947,1758|4.34101198065226,1759|4.439599778599536,1760|2.35830990884221,1762|3.4056089811259644,1764|4.3932962329571374,1765|4.3282921163163,1767|3.539745716313816,1768|4.34101198065226,1769|3.6361104728286473,1770|3.7284102762688605,1771|3.441809876185079,1772|3.037953276827605,1773|3.7498304695054117,1774|4.328515486157182,1776|4.34101198065226,1777|3.8728716383746096,1779|3.2671460535144483,1780|3.9187460864868235,1781|4.34101198065226,1782|4.3241278306462405,1783|3.812952102917748,1784|4.340189746997909,1785|3.9489242657932913,1787|4.36025158724008,1788|4.048557565856279,1789|4.34101198065226,1791|3.357842451916371,1792|3.822555292004675,1793|2.9962456919883245,1794|3.8263199762319795,1795|3.9904054589434885,1796|4.373183569764441,1797|4.315355367369891,1798|3.389661827749068,1799|4.133504610700831,1801|3.456731025974501,1804|3.550999518984381,1805|3.9671547255295834,1806|3.3345356479393233,1807|4.210766461741041,1809|3.9810184264400514,1810|3.9569124787094268,1811|3.9955009398536445,1812|3.8753266346462287,1814|3.568097597674989,1815|4.34101198065226,1816|3.4683925809403044,1817|3.7339534003609023,1819|4.34101198065226,1820|3.8168483548756953,1821|3.7593454753429825,1822|2.7293942700093488,1824|3.8483099936812666,1825|3.4626337933239775,1826|2.1961217831919777,1827|4.185592377007495,1829|3.5953660991460947,1830|4.359327176168784,1831|3.2617097574370892,1832|3.8534861369370477,1833|3.707672853010159,1834|4.427632559768549,1835|3.683793235663107,1836|3.7352155752935134,1837|3.278674483270574,1839|2.9208449055477352,1840|3.8487032937137133,1841|3.8463234860145343,1842|4.3282921163163,1843|4.374653899526901,1844|4.173145207086591,1845|4.374086768962604,1846|4.16125354102978,1847|4.375175544857167,1848|3.4660976977929767,1849|4.36593897692371,1850|3.57620392599185,1851|4.301444200589902,1852|4.375175544857167,1853|2.3074032008542638,1854|3.6134164556427337,1855|2.9268621900504277,1856|3.9864471205936622,1857|3.694101015085953,1858|3.825629761933997,1859|3.6961496351232754,1860|4.151395609772434,1861|3.9095670188508516,1862|2.872861523691573,1863|2.894552772507806,1864|3.4765920866830644,1865|3.96072608810292,1866|3.572583404701869,1867|2.8385883728945993,1868|4.329624561068945,1869|3.0063588162132904,1870|3.847995126937184,1871|3.91961413635372,1872|3.914876945775054,1873|4.156397616007051,1874|3.5511305854392203,1875|3.917300730509753,1876|3.7017563230140538,1877|3.424331085394309,1878|2.7060518193287004,1879|3.8552685833997877,1880|4.002106161537562,1881|2.869469577164552,1882|2.9853096284629626,1883|3.813614379535026,1884|3.7772012620410758,1885|3.98541407494789,1886|3.5344827141313924,1887|3.098920704626261,1888|3.388292277330031,1889|4.549612988993491,1890|3.2667520637854723,1891|3.913635185461507,1892|4.063865336890036,1893|4.008328172765163,1894|3.3794440569740685,1895|3.696399585140128,1896|3.771527812705118,1897|4.017947215345177,1898|3.893867769018022,1899|3.6395052414946685,1900|4.12015077051438,1901|4.592874007712402,1902|3.8659590513562483,1903|3.505130591084044,1904|3.8790607575271374,1905|4.34101198065226,1906|3.337662256043906,1907|4.073388323561914,1908|3.733030840562673,1909|4.019887554126155,1910|4.078353868971888,1911|3.2260026184655546,1912|4.2166364002773005,1913|3.9956066078432184,1914|4.100384675267646,1915|4.34101198065226,1916|3.880164261473741,1917|3.6385200927520795,1918|3.445675624031545,1919|3.5854588282840196,1920|3.318765095634733,1921|4.23272716219819,1922|3.789407287842167,1923|4.284204707616561,1924|3.3163010968054953,1925|4.076107535320881,1926|3.7472653292650406,1927|4.423381528737852,1928|3.8222117037148946,1929|4.091495668000826,1930|3.505753997657826,1931|4.386371325449193,1932|4.0565982010362,1933|4.127311448988253,1934|4.31773846680832,1935|4.149307520710101,1936|4.15486994546913,1937|4.227596824655979,1938|4.322108248279216,1939|4.428501281247958,1940|4.234657780195515,1941|4.2708500796886435,1942|4.34719587803128,1943|3.721585536256459,1944|4.313822826646537,1945|4.507628226071945,1946|4.172697910586946,1947|4.289997726986587,1948|4.04348873386533,1949|4.405277137079102,1950|4.549951241518206,1951|4.043881088162258,1952|4.32520931402823,1953|4.476499925649273,1954|4.356922639338997,1955|4.164933290156158,1956|4.185474409548704,1957|4.148195903434562,1958|3.9975998900160654,1959|3.921676061735437,1960|4.328120889854221,1961|4.399947659904927,1962|4.1445643509163,1963|4.299609760211217,1964|4.296218273152656,1965|4.021881549081459,1966|3.994391207198743,1967|3.9011414598893452,1968|4.187090025243884,1969|3.049181166162448,1970|3.2388104078394813,1971|2.9195300907706416,1972|2.846712040930406,1973|2.8725125496986905,1974|3.51911051391774,1975|3.1953662764140627,1976|2.9083796995533056,1977|2.767206107642389,1978|2.904662460374227,1979|2.9362764255993934,1980|2.9373259248461596,1981|2.7723249333784086,1982|4.266611103193071,1983|3.414751996482481,1984|2.987658030105176,1985|3.210112510160917,1986|2.937112579357453,1987|3.34819563805881,1988|3.0935855347993257,1989|2.723571141247617,1990|3.1585400575622273,1991|3.489672753925568,1992|2.9426246084505823,1993|2.812039619048912,1994|4.3291624262431,1995|2.8230068356309888,1996|2.578460069830109,1997|4.427010761858205,1998|2.69572905412642,1999|3.489842533089053,2000|4.181461421812701,2001|3.7800146802883354,2002|3.5382312095638526,2003|3.850770354092279,2004|3.1001032282460774,2005|3.9009932258314617,2006|3.8486153532318834,2007|3.2852170772963483,2008|3.4855882464732018,2009|4.2200143186542824,2010|4.490538746827346,2011|3.8881308131939862,2012|3.704735326409745,2013|3.973949951361187,2014|3.50684029397399,2015|3.8645394304504044,2016|3.323725004005901,2017|3.203357132617742,2018|3.9279214802751525,2019|4.768201512312846,2020|4.305132053154447,2021|3.916070661023306,2022|4.096948004632399,2023|3.8463609178780733,2024|3.8853496197035886,2025|3.789771129740571,2026|3.3942726680618582,2027|3.117569714710264,2028|4.6263649451041955,2029|4.09077959560979,2030|4.34101198065226,2031|2.9530766381360753,2032|3.1126053136950738,2033|3.6261172528741286,2034|3.410007833225608,2035|3.2582576036177757,2036|2.8674273482378663,2037|3.74728806298052,2038|3.183468792246748,2039|3.4038946874967273,2040|3.448557686834265,2041|3.3016994645135385,2042|3.0073499565266832,2043|3.7644493413896303,2044|2.9363278279780434,2045|3.686532774312217,2046|3.8248618798948524,2047|3.253939669288693,2048|3.8015208955646305,2049|3.630373314797585,2050|3.7195163431351754,2051|3.589423249193179,2052|3.7518428440835665,2053|3.5037624961709604,2054|3.7851663196066756,2055|3.772215420663768,2056|3.760984515380292,2057|3.76719186968925,2058|4.101331290294999,2059|3.5616019252653994,2060|3.727879263446303,2061|3.8233609844921492,2062|3.6899895136775775,2063|3.770367960747523,2064|4.085099495912094,2065|3.873370492780745,2066|4.1894096117844555,2067|4.17866639811598,2068|3.9766886919310265,2069|3.8858241065918637,2070|4.007620537107443,2071|4.107455325359378,2072|3.640219196367042,2073|3.8793573259890044,2074|3.9099698176040514,2075|3.91153665510204,2076|4.150117345404365,2077|3.788977410123424,2078|3.7282676455748796,2079|3.8183477415752467,2080|3.9514096647339843,2081|4.196962004163438,2082|3.689828626014805,2083|3.8621350775068333,2084|3.5922630373164868,2085|3.7108727934917694,2086|3.540799394239867,2087|3.648300417322838,2088|3.4983029303483546,2089|3.4288784556842375,2090|3.7658762627485745,2091|3.344745782342838,2092|3.4893864671193597,2093|3.7757785978064797,2094|3.5923071719641824,2095|3.7329606337238532,2096|4.074222117450237,2097|3.966676873803369,2098|3.5838116964894007,2099|3.7355748935926174,2100|3.7909274408907745,2101|3.441584249977062,2102|3.7129554113769867,2103|3.2467294259092863,2104|3.868405086919042,2105|3.7998535923470573,2106|3.7677767767233377,2107|3.5548280451144594,2108|4.017713737620994,2109|4.053557925694265,2110|3.8604790452660014,2111|3.668079946782571,2112|4.01314409463141,2113|3.01270867433987,2114|4.133357247588647,2115|4.084262623743598,2116|3.845366247547359,2117|4.148107528717823,2118|4.3834057856736965,2119|3.1365075978950467,2120|3.504457286237308,2121|3.5365073923427475,2122|3.1661131469757633,2123|3.469641272083183,2124|3.4884105051020984,2125|4.029315098568276,2126|3.55026810887869,2127|4.301444200589902,2128|3.760227892452993,2129|4.081764795244236,2130|4.020692571878049,2131|4.156329381446211,2132|4.328341388867344,2133|3.632479706122396,2134|3.8590486109252833,2135|3.509068128572991,2136|3.592839192059726,2137|3.9305142313808106,2138|4.140495932950418,2139|4.306987206957559,2140|3.9177067922613977,2141|3.744777673254732,2142|3.3709221354638017,2143|3.520993250476086,2144|4.056259315953808,2145|3.7754906745736463,2146|3.6973885851315926,2147|3.0682394423732635,2148|3.4866630449989158,2149|2.994485443655713,2150|4.041574421398218,2151|3.4161578907998766,2152|2.597766886751719,2153|2.5906304245646217,2154|3.3509838535308782,2155|3.8729110373793243,2156|3.5971870440523697,2157|3.4326048820837274,2158|3.2767870726510187,2159|3.9629792723228077,2160|4.271871576080493,2161|3.8707581319103337,2162|2.9478662388423365,2163|3.072875196421461,2164|2.7122048223645345,2165|3.8522760205676887,2166|3.9897395597799994,2167|3.9695255399230374,2168|3.5722797943882796,2169|3.260492899954188,2170|3.1678539050694745,2171|3.8529901155515214,2172|3.855562909174833,2173|3.953994436450379,2174|3.8966244640668597,2175|4.096409165753487,2176|4.495227723410902,2177|3.954590439756303,2178|4.272067649767996,2179|3.6907545703626514,2180|4.100356733059491,2181|4.180026116775032,2182|4.154549033575679,2183|4.52215034962763,2184|4.198886895236278,2185|4.165031339783653,2186|4.666758885222102,2187|4.191477138803457,2188|3.379065309103788,2189|4.061211783353646,2190|3.4578007836497857,2191|3.6377282772459965,2192|3.509235997395284,2193|3.842035189380806,2194|4.393295540879331,2195|3.572737245007882,2196|2.954173981365016,2197|4.042902375017811,2198|4.1134146856184035,2199|3.8693131590319227,2200|3.2485489758080224,2201|3.642425315128574,2202|4.5622717149946626,2203|4.81837678208541,2204|4.358470527648415,2205|4.067978216285042,2206|4.609551872306493,2207|3.908703563200996,2208|4.685011670526315,2209|3.5767126401892613,2210|4.413286789385893,2211|4.2090233090657865,2212|4.479100771015219,2213|4.363760836549963,2214|4.165791906654276,2215|3.7509844624906563,2216|4.34101198065226,2217|4.363760836549963,2218|4.34101198065226,2219|3.6862522477316846,2220|4.34101198065226,2221|3.9208360726274796,2222|4.359327176168784,2223|4.359327176168784,2224|4.34101198065226,2225|4.34101198065226,2226|4.0215813353333285,2227|3.925695947776406,2228|4.34101198065226,2229|4.34101198065226,2230|4.359327176168784,2231|4.043102043867269,2232|3.9618782093414264,2233|4.34101198065226,2234|3.7192254167159304,2235|4.329624561068945,2236|4.013658177924195,2237|4.247324641539671,2238|4.071075901313128,2239|3.6993088319868903,2240|3.8521871497298172,2241|3.3719271267847652,2242|3.440522738376887,2243|3.9912604203353848,2244|3.6790185866270506,2245|3.870171615203712,2246|3.2657007650048513,2247|3.5827693095005824,2248|4.1730193378009774,2249|3.37759187465431,2250|3.7244884550512527,2251|4.359327176168784,2252|3.472487602994126,2253|3.170431157100804,2254|4.34101198065226,2255|3.082307522626333,2256|3.2528022081878145,2257|3.818368476711951,2258|4.392262229035115,2259|3.1516793626657256,2260|3.101314760575143,2261|3.4825839870939976,2262|3.5432203639063777,2263|3.9598424856792,2264|3.2498131910382666,2265|2.5857180903094816,2266|3.4060225905737394,2267|4.05855645056178,2268|4.247517761259132,2269|3.443115842592123,2270|4.36025158724008,2271|3.7690364774433487,2272|3.822110148530145,2273|4.035087923804337,2274|4.34101198065226,2275|3.925671943747639,2276|3.937605289680662,2277|4.34101198065226,2278|4.068322903709827,2279|3.5380643746927847,2280|4.171275664369969,2281|3.8114070296011806,2282|3.7277245248753887,2283|3.478848095859491,2284|4.231086425792729,2285|4.0964392676362635,2286|3.024832356673177,2287|4.203904367594928,2288|4.332135006149981,2289|4.2675281423797236,2290|3.5810997264210584,2291|3.8231670961564257,2292|3.042576383935982,2293|3.429214649135319,2294|3.935742547687073,2295|3.8618231661299838,2296|2.993664613418317,2297|3.567185395438806,2298|2.7213881419874815,2299|4.359327176168784,2300|4.289304546159212,2301|4.180088270878279,2302|4.0730219084026125,2303|4.125686950791088,2304|3.913519823951814,2305|3.9438613620511105,2306|3.126448769282911,2307|3.298313297856639,2308|4.416714723161512,2309|4.34101198065226,2310|4.017519344938285,2311|4.064974989500314,2312|4.119717439755419,2313|4.3454204809887536,2314|3.468373360749813,2315|3.145089834022626,2316|3.2158771411968994,2317|3.527358350528486,2318|4.3067557901005316,2319|4.359327176168784,2320|4.000916414872334,2321|4.116142747942005,2322|3.61098673341148,2323|4.318096213776453,2324|4.555181799616293,2325|3.4907990170813887,2326|4.375175544857167,2327|3.382307235909195,2328|3.5505919642734334,2329|4.669226718258903,2330|4.4586647755772075,2331|3.7312682423908266,2332|3.642799158290957,2333|4.132643761501438,2334|3.8776065230350443,2335|3.444574965357215,2336|4.4644020425648,2337|3.5376869683833574,2338|2.976902533113601,2339|3.085168021672558,2340|3.7890492096848405,2341|3.6723376125065017,2342|3.5461970273407086,2343|4.34101198065226,2344|4.074412946338748,2345|3.6287724664271024,2346|3.905096406393195,2347|3.8602544480161343,2348|3.911605139233253,2349|4.211329005313296,2350|3.193641281406925,2351|4.4131193280544645,2352|4.21930092516947,2353|4.218559789301039,2354|3.167771637513259,2355|4.219085492008049,2356|3.4567841331342324,2357|4.37621056851192,2358|4.230887580221879,2359|4.133890961269838,2360|4.411435180035654,2361|3.6398417960605,2362|3.256745928735975,2363|3.798972082762419,2364|3.3036898948016646,2365|3.4687736199890162,2366|4.034883277901484,2367|3.4738239015129215,2368|2.722851407374705,2369|3.5114012486613126,2370|3.7406014146269735,2371|4.089803338311572,2372|3.3475329252985606,2373|3.156223829766823,2374|3.395641989721917,2375|3.3982230210587314,2376|3.6666316482391106,2377|3.6607999245103926,2378|3.506313309995927,2379|2.930689614388916,2380|2.5543802806851668,2381|2.4622187662906883,2382|2.3332708493098684,2383|2.3847857242533395,2384|3.5724824168953484,2385|3.0065014698354986,2386|2.5586701088783093,2387|3.4877426144340276,2388|3.1632856087642667,2389|3.3725472323209376,2390|3.987057277852937,2391|4.319248994515471,2392|2.629552290650517,2393|3.7388054538556323,2394|3.891017046070477,2395|4.1487503781372945,2396|4.337092292296963,2397|3.764069884344619,2398|4.2654580405197065,2399|3.2381912757302893,2400|3.6251445534275604,2401|4.258724966112833,2402|3.279102638591559,2403|4.3487631506733795,2404|3.1486791037178277,2405|3.474631065239776,2406|3.971891105795874,2407|3.909094039014328,2408|3.1037905374380634,2409|3.8366235770410304,2410|3.7122813719810672,2411|3.5173898087685482,2412|2.9664681283592147,2413|3.694302723808198,2414|3.7709359947495456,2415|3.7661069829040024,2416|3.7291229292090806,2417|3.398099129003237,2418|3.8151313522579335,2419|3.874398754701909,2420|3.8952747028286936,2421|3.2418198631816217,2422|2.778190509773136,2423|4.1446558261394575,2424|3.7467664753285232,2425|4.157560290328003,2426|3.7960489554476498,2427|3.698702856454626,2428|3.375567440678239,2429|3.1630985926514485,2430|3.5569863814363782,2431|3.644521053741058,2432|3.3319823924318457,2433|3.744891568397399,2434|3.814091771787303,2435|3.708158632197293,2436|4.011518055693045,2437|4.043692452227966,2438|4.375175544857167,2439|4.233287285047258,2440|3.8942631003616643,2441|3.9658692294455866,2442|4.079274168204238,2443|4.13612874047934,2444|3.861926661742774,2445|3.34790803848497,2446|3.5035160843171465,2447|3.5368879195852982,2448|3.1913916264861446,2449|2.711751635356052,2450|2.791561045824025,2451|3.034931904976352,2452|2.9318912073982775,2453|3.5597231915802965,2454|3.8100523816078486,2455|3.9587444788890935,2456|2.8593007425245855,2457|3.830726040420954,2458|3.175189250297111,2459|3.630091340502685,2460|2.9847468653136193,2461|2.9561236458169207,2462|2.753159544450689,2463|3.851892291631878,2464|3.651187469582258,2465|3.1005220440555643,2466|3.8493714759904383,2467|4.429732500968122,2468|3.541996325293778,2469|3.7831415740431784,2470|3.7184103343605437,2471|3.1645808688410515,2472|3.3498921492214078,2473|3.1318910310243484,2474|4.047643969990055,2475|3.946911629763342,2476|3.830242475484997,2477|4.36593897692371,2478|3.465492794468478,2479|3.1655301725017138,2480|4.34101198065226,2481|4.012855554388191,2482|3.7100501060165767,2483|3.9224896792680024,2484|4.359327176168784,2485|3.6288843747909683,2486|3.5286369281236585,2487|3.4818325507890635,2488|4.594341557924862,2489|4.34101198065226,2490|4.128381646786904,2491|3.322225234295418,2492|3.3082528149455053,2493|4.1159525308572595,2494|4.391261107514002,2495|4.266137568843908,2496|3.7418022925280674,2497|3.174737434425486,2498|2.6373247359702976,2499|4.136672509653185,2500|3.1863402879792453,2501|4.419903361808997,2502|4.18437751556073,2503|4.033317181647789,2504|3.298003966169756,2505|3.719189050910675,2506|3.635082914170571,2507|3.2265954982849907,2508|4.34101198065226,2509|3.4801638513231694,2510|3.822236286813781,2511|4.086784869191799,2512|4.365462762677869,2513|3.480857672678247,2514|2.9187013540566116,2515|2.645094337621029,2516|2.4295064453339137,2517|3.785397347629673,2518|3.896773676125947,2519|3.9572357852334514,2520|3.6124817375364278,2521|3.077871272892805,2522|2.8294741192709054,2523|3.358714153282352,2524|3.6801584080522955,2525|3.038622496273182,2526|3.194971278024715,2527|4.055637122279666,2528|4.03412228091608,2529|4.326540192018119,2530|3.513568546366975,2531|3.4147861921472984,2532|3.4165349945038885,2533|3.6115744926943645,2534|3.051156863496143,2535|3.407822647118013,2536|2.5890967510897416,2537|2.777564019350736,2538|4.36025158724008,2539|3.8158954034511137,2540|3.72472332661078,2541|3.6651256098197655,2542|4.346642446773286,2543|3.8219246149404773,2544|3.337308725135297,2545|3.672891035350876,2546|3.4009403270442276,2547|4.34101198065226,2548|3.04718223463732,2549|3.082366262042942,2550|4.134901641939958,2551|3.9437306337848863,2552|2.9590067077270756,2553|4.117916666251386,2554|3.908827275023418,2555|2.243608331121621,2556|4.28927103388876,2557|3.927705952960973,2558|3.286594913969431,2559|3.0524349830271733,2560|3.8639303502448774,2561|3.8385451726756368,2562|3.8583134462118993,2563|4.059275613638597,2564|4.34101198065226,2565|4.163528959914152,2566|3.108315832236329,2567|3.6176575130442252,2568|2.8664873767960213,2569|3.7211861352544817,2570|3.8862614813353042,2571|4.734267032313168,2572|3.8580238405214837,2573|4.34101198065226,2574|3.2170945527820933,2575|4.153153933421869,2576|4.34101198065226,2577|3.6475987578816618,2578|3.9008334555332653,2579|4.411457340202526,2580|4.231205833219618,2581|3.636626162934534,2582|3.527875185508525,2583|3.785248791752983,2584|4.359327176168784,2585|4.000934837698432,2586|3.8550292355940448,2587|3.6789291999401383,2588|4.34101198065226,2589|3.192882401703624,2590|3.470809161295616,2591|4.3241278306462405,2592|4.34101198065226,2593|3.7893346032710618,2594|4.399071495293768,2595|4.36025158724008,2596|4.135035862596361,2597|3.0699792668163646,2598|3.554956896739898,2599|4.152343896274873,2600|3.630412048244841,2601|4.359327176168784,2602|3.5570825824878076,2603|4.34101198065226,2604|4.36025158724008,2605|3.6399445095460004,2606|3.3530940168621495,2607|4.356292874020964,2608|4.061396706143553,2609|4.275891308235848,2610|4.23776632063232,2611|4.104786881036263,2612|4.364859401105998,2613|3.71888623175652,2614|3.044386274552358,2615|3.5987168368842353,2616|3.2364483189893516,2617|3.758587826887844,2618|4.1191291511048345,2619|4.34101198065226,2620|4.013444183006796,2621|3.843758990826282,2622|3.637967572983178,2623|4.359327176168784,2624|4.318296844888568,2625|3.580192834817523,2626|3.9145725857497657,2627|4.014892046964107,2628|3.7554320298410477,2629|3.279808416241257,2630|3.779943880757859,2631|4.362302195314372,2632|3.7822134467091577,2633|4.030222340684659,2634|3.807095786985538,2635|3.724605792000191,2636|3.5156087942026537,2637|3.528082056904016,2638|3.5145564035391708,2639|3.6202790244471927,2640|3.9432333624285807,2641|3.4968196114343977,2642|2.9792582040553874,2643|2.553422403831344,2644|4.2628595510520295,2645|4.41205432422777,2646|3.7400658739848316,2647|3.954520934951355,2648|4.436232662539637,2649|3.9857966573188364,2650|3.62408827137511,2651|3.8102500875237837,2652|3.6589476053619485,2653|3.7810202873692424,2654|4.166266758376407,2655|2.9977730581427497,2656|3.4420164744895927,2657|3.759936913171636,2658|4.345444442758123,2659|3.6904282047772514,2660|4.221954814725866,2661|3.905726096003665,2662|4.30634985371014,2663|3.735433525851556,2664|4.427794598470792,2665|3.6997924567168274,2666|3.7570825850960814,2667|3.2804075104283354,2668|3.2237012541704035,2669|4.1270455619760975,2670|4.392089681170673,2671|3.9779127091973505,2672|3.694839835911628,2673|3.7043948638332944,2674|3.3978554560499132,2675|3.863905880811531,2676|3.689025893181524,2677|4.162162701435541,2678|3.557691779848905,2679|3.8155659736292598,2680|4.34101198065226,2681|4.0543644590559405,2682|4.1658801744014164,2683|3.788690192205017,2684|4.328515486157182,2685|3.7828849688211226,2686|4.315131084743703,2687|3.907964899620995,2688|3.8263988336321653,2689|3.721208429349053,2690|4.024158219670113,2691|3.9108253724410234,2692|4.520394776493207,2693|4.209513710682453,2694|3.5469692326146776,2695|2.9976571888210497,2696|4.224370686213458,2697|3.714260027166651,2698|4.345444442758123,2699|3.5809951231085364,2700|4.20332488784981,2701|2.7996516709590233,2702|3.633252538936376,2703|4.34101198065226,2704|3.4527757925187412,2705|3.275833633052005,2706|4.064890752284268,2707|4.145538415093343,2708|4.013796429733531,2709|3.5671895853486006,2710|3.5960401185742876,2711|4.34101198065226,2712|3.758584608471181,2713|3.1351057783605314,2714|3.816778458075901,2715|2.9914323222315113,2716|4.321140578459431,2717|3.263545026052018,2718|3.5525762591345575,2719|3.204214586797119,2720|2.454428320285402,2721|4.080049037606814,2722|3.5502505537623,2723|3.5778284017623916,2724|3.441421088907423,2725|4.158079188221649,2726|4.569542471068159,2727|3.9000202029981543,2728|4.481931027186033,2729|4.216562805679024,2730|3.981072438524736,2731|4.413125312998047,2732|4.172581418409045,2733|3.076827023707427,2734|3.6814369776356877,2735|3.4222075165667816,2736|3.936351376688087,2737|3.524253337113212,2738|3.7284660980036524,2739|4.209929219559651,2740|3.3010219170883675,2741|3.668915158438431,2742|4.328515486157182,2743|3.7802636433671664,2744|4.004991525657333,2745|4.240500762487409,2746|3.676474216508147,2747|3.690809738518359,2748|2.72046031507891,2749|4.025553188475346,2750|4.126777736356523,2751|3.4763924571906113,2752|3.3124510451499747,2753|4.182423798501613,2754|3.0133180958137697,2755|3.079488721336764,2756|3.6397858906553724,2757|4.093285685708115,2758|3.571000409709624,2759|3.757973192721021,2760|3.9657806559696605,2761|4.307699753354919,2762|4.836714885435686,2763|4.144683436074984,2764|4.142803571364745,2765|3.8910448183070656,2766|3.887268388620555,2767|3.356012728691897,2768|3.529770990041264,2769|3.9924664260044125,2770|3.5294897123863676,2771|3.607990046791379,2772|3.480800222412717,2773|3.1324012626380684,2774|4.0907109652409,2775|3.9284750540709563,2776|4.501918155105642,2777|2.187267350374759,2778|3.4655838788906594,2779|3.9826791724378223,2780|3.949637092480197,2781|3.6875490261052946,2782|4.014914256892981,2783|3.7541430140876817,2784|4.017208575535641,2785|3.7654995710790837,2786|2.785420061180151,2787|3.6444444530743816,2788|4.357621714402541,2789|3.5809207844652247,2790|3.3285618313875145,2791|4.328481087821186,2792|3.358995401832559,2793|3.3269864277821473,2794|3.2343082301838093,2795|4.238854561849649,2796|3.364285711745552,2797|4.183586792954898,2798|2.7063147833242103,2799|2.4830652965823097,2800|3.6350477991874186,2801|3.7059328598700843,2802|3.6965368692424487,2803|3.976765557344957,2804|4.5186247022588635,2805|3.3581491991502066,2806|3.253800633115153,2807|2.8217501220315704,2808|3.354915273104335,2809|3.3904678460690754,2810|4.337898032786745,2811|4.359327176168784,2812|3.686862659813932,2813|4.163688370283182,2814|3.4043475039888182,2815|3.2140128704552007,2816|2.506584438744155,2817|2.342750573803529,2818|2.3900229974371143,2819|4.526450149387763,2820|3.9901451554480847,2821|4.341781907531095,2822|3.566393477807469,2823|4.373183569764441,2824|3.9490897042536472,2825|3.853617105839927,2826|3.8201296759584116,2827|3.2964484162204704,2828|2.691291432816728,2829|3.33170579876089,2830|3.8845519030798323,2831|3.1511384033700134,2832|4.34101198065226,2833|3.83609478475425,2834|3.900597185396675,2835|3.267168446178922,2836|3.893327751309713,2837|3.8347089737991356,2838|4.359327176168784,2839|4.708923481916635,2840|3.614866757825036,2841|4.241347300865354,2842|3.884755221730826,2843|4.093376160308429,2844|3.8366979516385733,2845|4.34101198065226,2846|3.562133405281039,2847|4.146462068276298,2848|4.258598784958406,2849|3.2767368281083407,2850|3.7390972340498845,2851|3.384866231234782,2852|4.273879668746185,2853|3.1464528907802567,2854|3.4372893475310167,2855|3.4615395587165696,2856|3.5094627682702493,2857|4.029568069889964,2858|4.60519062975138,2859|4.459827573752411,2860|3.584804259097648,2861|3.5673326725199983,2862|3.181971168137413,2863|4.11373941753595,2864|3.41961962610855,2865|3.711429467958946,2866|4.128659066975298,2867|3.913011933500531,2868|3.1848090386444863,2869|3.8348997809005727,2870|3.952655774155349,2871|4.350479923136792,2872|4.241278975546981,2873|3.498547058735551,2874|3.8696208215104333,2875|3.616305721016886,2876|3.254198116890742,2877|3.6510500043841954,2878|3.0101923543544227,2879|3.767167175490134,2880|3.690728139127083,2881|3.7745040576377527,2882|3.3618309674908655,2883|4.007725076177783,2884|4.3241278306462405,2885|3.830976331862439,2886|2.618787578542074,2887|3.3172085215697122,2888|3.5129507088586225,2889|3.80222272246072,2890|4.153227957709091,2891|3.8068475999420777,2892|3.2515810531481497,2893|3.50082699930286,2894|3.1122776186500767,2895|4.36593897692371,2896|3.6798683485531387,2897|3.546764693350916,2898|3.540706657522936,2899|3.8426281556190736,2900|3.457025917626998,2901|3.5770676734434836,2902|3.3758521361223526,2903|2.919924980204971,2904|4.048787057345815,2905|4.586594743094588,2906|3.0530572317041553,2907|2.9862572981639035,2908|4.196468044240627,2909|4.36025158724008,2910|3.8230363696239236,2911|4.023507749880385,2912|4.052984740065042,2913|3.5498175843679074,2914|3.120956136816879,2915|4.084645270478115,2916|4.277204930905453,2917|4.485055202596209,2918|4.406387546633338,2919|4.119712558533407,2920|4.335614379439495,2921|4.353032897080601,2922|4.2710647892062505,2923|3.6845074335806722,2924|4.27792143560276,2925|4.364932262824341,2926|3.7066181529663633,2927|4.291514178944855,2928|3.7566262306527136,2929|3.922869767681069,2930|4.114436464813615,2931|4.040238405495747,2932|4.232071219921417,2933|3.8027184459619177,2934|4.372329056563879,2935|4.313117874573893,2936|4.2752058955028245,2937|4.514846541027913,2938|4.325483016491527,2939|4.365162631495398,2940|4.433066894754764,2941|3.9378420182047362,2942|3.463796608405916,2943|3.935991257011696,2944|4.366053884996948,2945|3.3464437303684225,2946|4.073410157348965,2947|4.249761932774299,2948|4.245452690127217,2949|4.275713683180614,2950|3.00108199023376,2951|4.3298288210260445,2952|4.2013930816890035,2953|2.989698292474406,2954|4.34101198065226,2955|4.34101198065226,2956|3.910667558857115,2957|4.34101198065226,2958|4.34101198065226,2959|4.512550495556556,2960|3.8515578384479907,2961|3.309749029648307,2962|3.786817843375693,2963|4.033977040194082,2964|4.195743776084022,2965|2.677473572713594,2966|4.285172332666015,2967|4.372115010720775,2968|4.127966147559426,2969|4.042144661908558,2970|4.1617837400762285,2971|4.095187386258145,2972|4.050895382529605,2973|4.240916240034915,2974|2.7072164302953787,2975|3.5567564744963827,2976|3.56868082879304,2977|3.470967174507293,2978|3.3143332686247575,2979|2.976624915841376,2980|4.34101198065226,2981|4.238852232016836,2982|2.8943372253353266,2983|4.3482509515598355,2984|4.107303108118757,2985|4.042513174059417,2986|3.2022858737183366,2987|3.9246070815911382,2988|4.024571119740045,2989|3.9220863509150066,2990|3.5513881291533163,2991|3.9879273967409983,2992|3.323563018924485,2993|4.002859076646777,2994|3.9383063457781042,2995|2.956115724922424,2996|3.813071793328537,2997|4.412559870876647,2998|3.8612894377993543,2999|3.8592607442258084,3000|4.272498966584022,3001|3.5935606435077005,3002|4.118898512307494,3003|3.7424460220961544,3004|3.6143351328472564,3005|4.123012682995979,3006|4.1447843134765,3007|4.100479484361677,3008|4.188059676611403,3009|4.34101198065226,3010|3.902251735026069,3011|4.043753132632691,3012|3.8396891111724623,3013|3.670941960344192,3014|3.684123550867266,3015|4.204560814493462,3016|3.8895170118184956,3017|3.559457432070271,3018|3.8036005987443033,3019|4.024323637457608,3020|4.08408035823699,3021|3.7901147694433965,3022|4.158233254114528,3023|4.3241278306462405,3024|3.5159786677139038,3025|3.788429548834257,3026|3.6652422546710604,3027|3.4777137863053222,3028|4.004878179330321,3029|4.041500152231211,3030|4.13560661499403,3031|3.6534401926361237,3032|4.087303633771173,3033|4.239675986996525,3034|3.8846353559445164,3035|4.029292045535529,3036|3.927712655536662,3037|4.05848352049273,3038|4.152139086390813,3039|4.135767183852,3040|3.907558423746287,3041|3.404486455299329,3042|3.4743928566987825,3043|3.442677690672748,3044|4.551451444675802,3045|3.897525561923209,3046|3.878454142105051,3047|3.994615592316163,3048|3.6477487991479594,3049|3.693230627499706,3050|3.7821348438768583,3051|3.688076419499116,3052|4.308285024783797,3053|3.4271454043753415,3054|2.910904211967355,3055|4.189729405335624,3056|4.098367212271529,3057|4.013103267008482,3058|3.661670023051391,3059|4.34101198065226,3060|4.188842461302321,3061|4.00561683843081,3062|4.347360501339832,3063|3.632284937382066,3064|3.505828259310851,3065|4.34101198065226,3066|4.341079874820709,3067|4.228908049829831,3068|4.207414302608365,3069|3.709747722918232,3070|3.9235486619981685,3071|4.12815257841606,3072|3.9671555330232193,3073|3.8752376137576605,3074|4.26568412396106,3075|4.581386098349359,3076|4.001731037403689,3077|4.69262078385327,3078|4.32360955449306,3079|3.9447346625470248,3080|4.336365320517274,3081|3.943799039832328,3082|3.858287823039622,3083|4.047443114440751,3084|4.36025158724008,3085|4.41205432422777,3086|3.828643855907476,3087|3.9576455399803927,3088|4.408984637182557,3089|4.432332361433758,3090|4.373904531917962,3091|4.41158141056294,3092|4.346425311877981,3093|3.9873446143565667,3094|3.8273875136060926,3095|4.296682648727012,3096|4.261064390784784,3097|4.347398233093887,3098|4.401185257342676,3099|3.6948669462028665,3100|4.1051344468727,3101|4.2870234416048705,3102|4.300976326629889,3103|3.5563134549933135,3104|4.194170749057004,3105|4.158064089911338,3106|3.601789550221759,3107|3.9580924265038253,3108|4.068715073130172,3109|3.4979712684644757,3110|3.8039063053208517,3111|4.029622728257316,3112|3.8681122972760025,3113|3.298391652034357,3114|4.4735134341762315,3115|3.684639324497443,3116|4.34101198065226,3117|3.6809684385420196,3118|3.8652845442503043,3119|3.813994786734173,3120|3.4726025222775303,3121|4.267394515864386,3122|3.7935495802767107,3123|4.359327176168784,3124|3.5052615171247785,3125|3.9359216896032385,3126|4.076962384306077,3127|3.596019742489748,3128|4.34101198065226,3129|4.00265098390671,3130|3.049145130292405,3131|4.359327176168784,3132|4.201402091389701,3133|4.050375295254731,3134|4.330176477022628,3135|4.168890960785217,3136|4.36025158724008,3137|4.227196408854182,3138|3.7504745619904383,3139|3.5459958323644623,3140|3.8371053874788856,3141|3.5996610119445798,3142|3.9666193296897765,3143|3.9866435032430374,3144|3.4446468019427128,3145|3.789924824568116,3146|3.247385124972477,3147|4.617435429169329,3148|4.2170585181300115,3149|2.7654684625985757,3150|3.9409247675411123,3151|4.311852553748908,3152|4.180196372071317,3153|4.080622033210009,3154|4.329624561068945,3155|3.827386248787821,3156|3.458927230142331,3157|3.4432785431671284,3158|4.04302576225284,3159|3.8804755980509764,3160|4.208060407056615,3161|3.797581122874173,3162|3.378460290706968,3163|3.897816818100745,3164|4.34101198065226,3165|3.4380361065522616,3166|3.363481111384994,3167|4.058640792400029,3168|4.127769669920668,3169|4.11003467543721,3170|4.307588650604663,3171|4.170996114347959,3172|3.7912681937038295,3173|3.608816957942744,3174|3.888924208050014,3175|4.220954658560497,3176|4.218886722769597,3177|3.201623065966861,3178|4.18116354776458,3179|3.8759939247895634,3180|3.0951439514488888,3181|4.116144476125403,3182|4.256181591980506,3183|3.9229469868830007,3184|4.3335029434483125,3185|3.9273772404129,3186|3.8675359150922444,3187|4.34101198065226,3188|4.36025158724008,3189|4.00440138610522,3190|2.9025810584870477,3191|4.34101198065226,3192|4.190982064479382,3193|4.36025158724008,3194|3.697877943971663,3195|4.34101198065226,3196|4.484928135338645,3197|3.8609124210765016,3198|4.335041435284424,3199|3.7006309456903086,3200|4.202916204078315,3201|4.114088834332506,3202|3.8287803808107794,3203|4.227903508182988,3204|4.351017855247238,3205|3.924213334105192,3206|3.5166351300292256,3207|3.4248719103143617,3208|3.400229659897548,3209|4.34101198065226,3210|4.075902797556446,3211|4.068354801374386,3212|4.34101198065226,3213|4.211088736155942,3214|3.515746983882069,3215|3.9147775514669947,3216|3.7859654669089453,3217|3.9723349243762485,3218|3.391553687704117,3219|3.8721865311149504,3220|4.34101198065226,3221|3.848733804207356,3222|4.232981244371529,3223|3.484542760119327,3224|4.190957449373537,3225|3.0609278034992595,3226|4.36025158724008,3227|4.359220316134797,3228|4.359327176168784,3229|4.3282921163163,3230|4.272362200279043,3231|4.359327176168784,3232|3.9543490130620835,3233|4.359327176168784,3234|4.359327176168784,3235|3.4064965103715936,3236|4.307588650604663,3237|4.36025158724008,3238|3.0291151959373295,3239|2.766088426683783,3240|3.3532939895842713,3241|4.00360222162039,3242|3.731726252853112,3243|2.973858845116596,3244|3.951970496188313,3245|3.9203515002824862,3246|4.221833863575045,3247|3.50502084604717,3248|3.0964783776384506,3249|3.895332215620692,3250|3.9738390974094147,3251|3.880925676899265,3252|4.315145998545067,3253|3.886361931985384,3254|3.3628811040584274,3255|4.050937231095867,3256|4.200278081428383,3257|3.4699716389054824,3258|3.2573559745179845,3259|3.7013340889500554,3260|4.054456289558804,3261|3.830295755690067,3262|3.560442601362473,3263|3.7269817958925486,3264|3.634117478439882,3265|4.657859877525219,3266|4.071696405203821,3267|4.164453754805333,3268|2.56039682721113,3269|3.647864397858629,3270|3.6577141934580073,3271|4.230419604688031,3272|3.6544434593045843,3273|3.306822976434607,3274|3.8714441624986824,3275|4.127584730663999,3276|3.3593222872288306,3277|4.34101198065226,3278|4.36025158724008,3279|4.386312354809294,3280|4.41205432422777,3281|4.327367425494645,3282|3.856036342911196,3283|3.579170142685545,3284|4.1149160799240745,3285|3.2765138225689787,3286|2.779531714444211,3287|3.1265233303096815,3288|4.34101198065226,3289|4.243398936740876,3290|4.359327176168784,3291|4.399857659597698,3292|4.357125201585661,3293|4.336365320517274,3294|4.41205432422777,3295|3.874467416033605,3296|4.077677246768834,3297|4.36025158724008,3298|4.030838510996523,3299|2.8449738730534317,3300|3.758714240934043,3301|3.727692594489848,3302|3.7399452335340104,3303|4.00945844380287,3304|3.9559459124126874,3305|4.398516770208499,3306|4.382654882337769,3307|4.443466061645661,3308|3.759141272066916,3309|3.898115611318465,3310|4.102437622100001,3311|4.239025504608002,3312|4.34101198065226,3313|2.82102732010784,3314|4.373183569764441,3315|4.372329056563879,3316|3.5926954551371444,3317|4.218586903292399,3318|4.149957503340214,3319|3.687256683687848,3320|3.542531366410299,3321|4.359327176168784,3322|3.4918553716333114,3323|3.6455465880450895,3324|3.22376894983287,3325|3.065661696463565,3326|3.3198964717286676,3327|4.081002172553313,3328|4.0092396866839035,3329|4.410952316721136,3330|4.190702470296302,3331|2.8853559513277993,3332|4.386424795418402,3333|3.952737639505009,3334|4.557881705230566,3335|3.582007495245958,3336|4.34101198065226,3337|4.328515486157182,3338|4.669217085494216,3339|4.295033861714369,3340|3.5654316642852626,3341|4.185220518739005,3342|4.221598071396887,3343|3.08071284484119,3344|3.540365610382654,3345|3.380408723909062,3346|4.41205432422777,3347|4.2373974324719725,3348|4.391443709739756,3349|4.1479770474597215,3350|4.195590457461169,3351|3.652165205016158,3352|4.34101198065226,3353|4.3241278306462405,3354|3.2916198888665495,3355|3.6109461468376103,3356|4.36025158724008,3357|3.929396434303026,3358|4.033077050638525,3359|4.293263680844655,3360|4.312105317575943,3361|4.13429359863056,3362|4.348279859885848,3363|4.317963651837296,3364|4.4495794210152795,3365|4.490229885189261,3366|4.36761513674481,3367|3.7788386308144393,3368|4.319945265305307,3369|4.388162755560005,3370|4.073520032038117,3371|3.842423544745173,3372|3.9366777499554617,3373|4.307588650604663,3374|3.2754583738060816,3375|3.9241103960638877,3376|4.338890781281488,3377|4.329624561068945,3378|4.049667771799283,3379|4.349382136107868,3380|4.344280072762189,3381|4.328515486157182,3382|4.34101198065226,3383|4.35675207721698,3384|4.374123206767957,3385|3.179930449083055,3386|4.2947939819036645,3387|3.183860974450054,3388|3.076402012129218,3389|3.0965302961164007,3390|2.3913961247841278,3391|2.9463217196441924,3392|2.7141191598972076,3393|2.964480526817627,3394|3.354731136764526,3395|3.22474087197275,3396|4.114501763643487,3397|3.9923961724058055,3398|3.8340674965165333,3399|3.2905420485827985,3400|3.1517374848660413,3401|2.528937489868558,3402|4.027418970109125,3403|3.1994155820924,3404|3.8484585186368587,3405|4.354794125279602,3406|4.063230030061162,3407|4.328515486157182,3408|4.13728123783715,3409|3.8138040114805785,3410|3.8584663931854335,3411|4.34101198065226,3412|3.7744539731712488,3413|4.3282921163163,3414|3.866748938584574,3415|3.871540109928015,3416|4.34101198065226,3417|4.018898242581165,3418|4.083402939377308,3419|3.8866880821904264,3420|4.242948909475299,3421|4.386550623629558,3422|3.7666134967253972,3423|3.512348088111023,3424|4.159929220089485,3425|3.9282057810886513,3426|3.6785135405431326,3427|3.895990184221951,3428|3.388114677150562,3429|4.549048929356834,3430|3.841721949258555,3431|3.3298675349697993,3432|3.0146136259200595,3433|2.83163128910332,3434|2.7403714275097757,3435|4.735841716987432,3436|3.4024766633139727,3437|2.2478966123107655,3438|3.466588090354877,3439|2.5547471946165494,3440|2.715962249369311,3441|3.8514521268710906,3442|3.152890727444778,3443|3.7917339309508016,3444|3.7397987007534095,3445|3.987842766882042,3446|3.8608974923353268,3447|4.035494612020415,3448|4.08038937863654,3449|3.6602400242484787,3450|3.7872801420162734,3451|4.248169676723682,3452|3.5230824805190966,3453|3.1099022540388903,3454|3.411996770139747,3455|4.375175544857167,3456|4.261022772425361,3457|3.6633914582870846,3458|4.301444200589902,3459|3.5143352826077576,3460|4.359327176168784,3461|4.196301677186031,3462|4.494937478184758,3463|2.8397122058512165,3464|2.851546830835044,3465|3.134355026489386,3466|4.115682851745859,3467|4.2569728786280985,3468|4.480894721890346,3469|4.503281399108181,3470|4.315479152880374,3471|4.395488580516381,3472|3.9388327013625846,3473|3.6085046132395138,3474|3.955111939353853,3475|4.468085310885954,3476|4.233288657453661,3477|3.5752273877721787,3478|3.696695476579386,3479|4.042154666772012,3480|4.025150753713785,3481|4.223855171257002,3482|4.34101198065226,3483|3.449851493323421,3484|3.516426301312162,3485|4.41205432422777,3486|3.6985191887171425,3487|4.1782195980161365,3488|2.695806844734151,3489|3.2710422178597014,3490|3.5716646920841955,3491|3.252986068302436,3492|4.22584544693674,3493|4.41205432422777,3494|4.18813868365546,3495|3.7927120373565506,3496|3.7030013137147284,3497|3.4346275096870187,3498|4.456772641285486,3499|4.401133352120173,3500|3.348075321762192,3501|3.836335126067528,3502|3.983503970249298,3503|3.832953043633929,3504|4.466476746861591,3505|4.389405578652607,3506|3.870548875601007,3507|4.393976005639777,3508|4.4535263360096184,3509|3.3625147964369875,3510|4.239521952229881,3511|3.03395698722084,3512|3.89418856351014,3513|3.8942516257769397,3514|3.7549883766087335,3515|3.592129221615921,3516|4.1150202625771595,3517|4.3282921163163,3518|3.444754851563154,3519|3.7360061967086473,3520|2.9015496732195594,3521|4.177083970117941,3522|4.34101198065226,3523|3.864164988726357,3524|3.9109405700992053,3525|3.738190331547428,3526|3.9918378723841204,3527|4.278794596819151,3528|3.448965787999341,3529|3.9258311062269433,3530|4.359327176168784,3531|3.7691635577885076,3532|4.359327176168784,3533|3.8820007602562843,3534|3.5361580762598663,3535|3.898745315730678,3536|3.977044989329811,3537|3.5805445689111135,3538|3.8119554548138264,3539|4.300688489508708,3540|3.6378090214500842,3541|4.392262229035115,3542|4.34101198065226,3543|4.190043156609972,3544|3.284310150883946,3545|4.082983087143146,3546|4.32157408576362,3547|4.177416175342497,3548|4.024660516516906,3549|4.074732293217861,3550|3.9308096871461613,3551|4.546465394415016,3552|4.195450091267987,3553|3.7061751117483976,3554|3.7864615025593724,3555|3.995462206827887,3556|4.063894206748306,3557|3.9007309894270645,3558|4.34101198065226,3559|4.021331531348904,3560|4.34101198065226,3561|4.34101198065226,3562|3.0017723355291888,3563|2.9426039541642632,3564|2.3833684204190204,3565|3.6758441540487707,3566|3.791278289757887,3567|3.7101162392565694,3568|3.918483922991549,3569|4.105958657374316,3570|4.34101198065226,3571|3.739344601582294,3572|2.6401545545382183,3573|2.647199535520449,3574|2.286823800305771,3575|4.34101198065226,3576|4.326182875102885,3577|3.057724895668733,3578|4.62738733675695,3579|4.34101198065226,3580|3.532145186817231,3581|3.646473161791326,3582|4.34101198065226,3583|4.34101198065226,3584|3.4122195434618074,3585|4.108273316925767,3586|3.943428049220615,3587|3.5965014471345738,3588|3.719052807630983,3589|4.41205432422777,3590|3.5642396168845765,3591|3.786590808170414,3592|3.5987371369625034,3593|2.4175833465871817,3594|3.6527223905131505,3595|3.5819945334431025,3596|2.9216429415970064,3597|3.147378216624607,3598|3.9276146339220572,3599|3.9357195194395973,3600|3.1445163475597386,3601|4.289242344988104,3602|3.157552706516812,3603|4.359327176168784,3604|3.8768361029751035,3605|3.560199744966376,3606|4.247777543378776,3607|4.24566419528025,3608|3.5486312295120728,3609|4.149226916786808,3610|2.9009674600472795,3611|3.6523746875266623,3612|3.8352951541106726,3613|4.110670544259796,3614|3.719356394819787,3615|3.6746173051340527,3616|3.27051835652379,3617|3.7444884597333936,3618|3.662128495954936,3619|3.7742414825648334,3620|3.6486998158045285,3621|3.858517875179806,3622|3.878624581586621,3623|3.7318444406039717,3624|4.056365373199899,3625|4.164662253433905,3626|3.0356440739594515,3627|4.11738466615598,3628|3.8666815085036763,3629|4.489936614028171,3630|4.41205432422777,3631|4.359327176168784,3632|4.182340413753431,3633|3.711080503553628,3634|4.726545189007883,3635|4.027803183346612,3636|2.980484400418858,3637|4.120843727784904,3638|3.6330714588320063,3639|3.9875694605539254,3640|3.6421442069752494,3641|3.9916115975756776,3642|4.307588650604663,3643|3.887556814777785,3644|3.921083454151035,3645|3.7691806223081525,3646|2.8658338337678764,3647|4.34101198065226,3648|3.7011591788781666,3649|3.6922209448999967,3650|4.41205432422777,3651|4.41205432422777,3652|3.7861148363673562,3653|4.120258737202831,3654|4.315135674970848,3655|4.2947024278055,3656|4.388162755560005,3657|4.34101198065226,3658|4.111270040506679,3659|3.9400104299168417,3660|3.313483382889427,3661|3.0339428887162527,3662|2.821368448740755,3663|2.670627002408903,3664|2.64998659678004,3665|2.5383744188012103,3666|2.6811834468257825,3667|2.812067633074589,3668|4.269227081692555,3669|3.071188838894268,3670|3.844890592151005,3671|4.434150293826626,3672|3.4021144109784975,3673|3.429673929585406,3674|2.8248763930454324,3675|4.059785383822169,3676|3.95657874718579,3677|4.433325229874685,3678|4.094949491075032,3679|4.428799967162872,3680|4.219460824814849,3681|4.30808646361185,3682|4.1833390230764165,3683|4.492862363786727,3684|3.8448745870118195,3685|3.9271261020979136,3686|3.9822804182779157,3687|3.692453357110134,3688|3.472501735108983,3689|2.7888917177071804,3690|2.8551753144644905,3691|3.0651758397640707,3692|3.078823428913053,3693|3.251567082654385,3694|2.932410083885501,3695|2.891899004068088,3696|3.4547309464120746,3697|3.582424180364338,3698|3.7029890857047247,3699|3.9191812473747722,3700|3.869845264021199,3701|3.8043072959908883,3702|4.247935220593976,3703|4.217755589888567,3704|3.7972295354661063,3705|3.262283855678417,3706|4.061806083142185,3707|3.5564437929269492,3708|3.57632803447071,3709|3.038502290399047,3710|2.982082873027516,3711|3.838847698488376,3712|3.6822385478800927,3713|4.178126821417626,3714|3.606208139120037,3715|2.8739779736266695,3716|3.038608150088133,3717|3.5005821387499054,3718|3.8545291316039396,3719|4.3241278306462405,3720|4.038280871393971,3721|2.9240162723179126,3722|3.5588039174067054,3723|4.197938859618299,3724|4.0614721889777865,3725|3.6919157502374045,3726|4.133783864640872,3727|4.2054864273020245,3728|4.3957639379191615,3729|3.9779027647862453,3730|4.56829254535104,3731|4.078489900120579,3732|3.8410998380375037,3733|4.185428405076857,3734|3.6983606377622746,3735|4.271607103153572,3736|4.217786005812874,3737|4.2382103229292065,3738|4.016313677704758,3739|4.270440243683372,3740|3.9559706592180515,3741|4.282178717874379,3742|4.224977220834854,3743|3.18856061781674,3744|3.5678271533140924,3745|3.810956612862511,3746|4.2162600104022285,3747|4.284908091570068,3748|4.3241278306462405,3749|3.8349471365442507,3750|4.34101198065226,3751|4.168055212606771,3752|3.5226245744588027,3753|3.9380330645588084,3754|2.947067728522043,3755|3.840302985498729,3756|3.7629804176038197,3757|3.764810430552088,3758|3.505871551283247,3759|3.5309161196987464,3760|3.7586872192966774,3761|3.521842779051493,3762|4.41205432422777,3763|4.054559152611455,3764|3.2899602838510433,3765|3.6431721410513096,3766|3.0085559996085305,3767|2.715129796570362,3768|2.7043953155578153,3769|3.8456849178125387,3770|4.008777273205869,3771|3.9415376164735303,3772|4.41205432422777,3773|3.336953972686881,3774|2.8074345575032433,3775|3.6118736354795873,3776|3.661947506199787,3777|3.780854657481579,3778|4.328515486157182,3779|4.345444442758123,3780|3.5164423785600967,3781|3.541972698106462,3782|3.558763727326574,3783|4.361584098003707,3784|3.4552635742113673,3785|3.5507880394007416,3786|3.7600104643589614,3787|4.094316391392658,3788|4.260508031169841,3789|4.100638227794253,3790|3.879513090932253,3791|3.713071700140053,3792|4.0316005002458315,3793|4.206061134921086,3794|3.8915196757934485,3795|3.9189593654820616,3796|3.8797735850204997,3797|3.8601784119389335,3798|4.130593133821081,3799|3.605097830628972,3800|4.301444200589902,3801|4.487594855783128,3802|3.1577984101996175,3803|4.34101198065226,3804|2.9676897597552485,3805|3.1286658780552563,3806|3.628143090218922,3807|3.669906360036487,3808|4.232787789543147,3809|3.7661896588679205,3810|3.70473234096341,3811|4.404872008296364,3812|4.071409538518541,3813|3.9036712511154494,3814|4.351182859452274,3816|4.086913343274543,3817|3.166279371117768,3818|4.363760836549963,3819|4.3731005741292455,3820|2.3573218778001306,3821|3.0074496519588365,3822|4.17207684766979,3823|3.964655357448927,3824|2.9798956206341676,3825|3.119168331299848,3826|3.36766397290873,3827|3.743163290159519,3828|4.359327176168784,3829|4.3241278306462405,3830|3.4494922370087675,3831|3.958909572804781,3832|4.084633662605731,3833|3.2435756660425628,3834|3.297875074409289,3835|3.464126739397946,3836|4.2315375325649285,3837|3.2334831944070612,3838|3.066739135567702,3839|3.1828498346213427,3840|3.230767045640439,3841|3.4055842214563468,3842|4.41205432422777,3843|3.3078827582822665,3844|3.889688141021411,3845|3.999785965520303,3846|3.584997687107065,3847|4.0175024508908646,3848|3.886613464658815,3849|4.650087100309831,3850|4.391443709739756,3851|4.335365224372325,3852|4.144039324103174,3853|3.7275323333262467,3854|4.034069867504424,3855|4.051843811640979,3856|4.34101198065226,3857|3.210956480886815,3858|3.6015360743290685,3859|4.160997120061114,3860|3.6094236608163524,3861|3.37881345706316,3862|3.6019462106054414,3863|3.8049427752138403,3864|3.3155863412997935,3865|3.767781150219674,3866|4.359327176168784,3867|3.657667783274453,3868|4.063964338901892,3869|3.4483672298532015,3870|4.188782931959272,3871|4.309453733648392,3872|4.199239955452608,3873|3.9909295815182277,3874|3.5652329431692635,3875|4.146111687914307,3876|3.8252118071785994,3877|2.743578687634342,3878|3.719715801335248,3879|3.4889160960549175,3880|4.106959098945389,3881|4.0298832524489745,3882|3.691851235228176,3883|3.728665957476533,3884|2.739050137733255,3885|3.619803352356554,3886|3.8584817877126567,3887|4.34101198065226,3888|3.9874286784219635,3889|2.889186182325532,3890|4.36025158724008,3891|4.3282921163163,3892|3.7243643238291018,3893|3.88925649115344,3894|4.138781271166944,3895|3.2380252962416574,3896|4.046934744447234,3897|4.434718748411364,3898|3.235232183406507,3899|3.74342518392883,3900|3.856816081608531,3901|3.3480885243036687,3902|3.7055150745250187,3903|4.070186449509985,3904|4.34101198065226,3905|3.815596837141666,3906|3.853966023890424,3907|4.34101198065226,3908|2.8754349723661274,3909|3.341406612419096,3910|4.065303564657216,3911|4.234730776885174,3912|2.9021940413478005,3913|3.901459920079017,3914|4.047776295777552,3915|4.06213359476302,3916|4.186029652504632,3917|3.6269017875810117,3918|3.2793902837682087,3919|2.938900406022169,3920|3.9287146152706103,3921|2.8855444216415935,3922|2.9237235591294066,3923|3.2371161289450114,3924|3.0012031506900243,3925|3.9336861049735594,3926|4.0865553795954455,3927|4.167104207211096,3928|3.813375986944429,3929|4.32817748451359,3930|3.872448911073011,3931|3.6617770931060227,3932|4.107283266874842,3933|3.5812873352302477,3934|3.8897792361956247,3935|4.41205432422777,3936|4.021253098500624,3937|3.630945465171436,3938|3.6000520685477753,3939|3.65201764561055,3940|3.4871205199740665,3941|3.5634804281329924,3942|3.444729694240568,3943|3.3206314276185385,3944|3.7073950443158745,3945|3.5971654097003736,3946|2.7626895242335197,3947|4.1893387341739485,3948|3.9469231332024695,3949|4.514537906799155,3950|3.9222393544506033,3951|3.984750548373296,3952|4.230735855454107