1|2.9974292608944095,2|2.5391384301705346,3|2.811051860933515,4|2.7496715999393038,5|2.7770955916630045,6|3.1378351495689727,7|2.82094377937121,8|2.6955030082131914,9|2.941978516252483,10|3.157544713605189,11|2.959322213649906,12|1.825657981109797,13|2.4345306420745008,14|2.802269209651362,15|2.288697177794997,16|3.069760051092109,17|2.876683959343235,18|2.8625666783087746,19|2.3216729611652456,20|2.3369048586015433,21|2.8320653868857155,22|2.599463518220629,23|2.72092326449462,24|2.436297837618781,25|2.4288654423082123,26|2.7998777123820386,27|2.4957407064834616,28|2.8697591458381755,29|3.036880420993391,30|2.3415027048449266,31|2.494965580199487,32|2.977545173321432,33|2.6030751787055624,34|3.2034777787347215,35|2.215182364943794,36|2.761437279266092,37|3.1346202798848166,38|2.1756569639272936,39|2.79292738559305,40|2.7405587762762202,41|2.6844318276349703,42|2.416916361496229,43|2.9743779874039413,44|2.5720596400845386,45|2.406795480057066,46|2.3074122259156766,47|3.3915823516320716,48|2.21690007870874,49|2.7016259102399864,50|3.6876594336998805,51|3.284462933154906,52|2.7563842088953416,53|2.5704041581287256,54|2.1039484589125093,55|2.2503765153253457,56|1.5216265180718134,57|2.619152962053422,58|2.7321702725952264,59|2.029574633557534,60|2.560046133713211,61|2.6994013331043076,62|2.919610032171509,63|2.3649406129623856,64|1.8897485828841962,65|2.0722036188954025,66|1.9482773567519016,67|2.1651369831082494,68|2.583334291732263,69|2.8878919550448816,70|2.483965707246077,71|1.9239435026225506,72|2.639478580496423,73|2.9512760694848383,74|2.17355920815334,75|1.6025875089899264,76|2.5198137331920645,77|2.9353456609899826,78|2.424690916168796,79|2.562290279220399,80|2.5952302013710002,81|2.1409173356992084,82|2.8807905525575768,83|2.582493627134303,84|2.0274124007801797,85|2.2804354629123935,86|2.6287339539547023,87|1.803419916647036,88|2.4438222877908196,89|2.8479216896599233,90|2.4532529362310136,92|2.019412504517606,93|1.6629127954190652,94|2.6951211400778434,95|2.689061392510461,96|2.8136608336491493,97|2.4603764007259885,98|2.1120150456875084,99|2.7825908619283224,100|2.7267191459326385,101|2.8087262226213103,102|1.8686452767733153,103|2.9794545122431604,104|2.886442377640365,105|2.3860422357433944,106|2.9049280911291144,107|2.5876803936831294,108|3.1133636581267834,109|3.2146927011610336,110|3.751391847462248,111|2.9324799613356385,112|2.885767247445571,113|2.3898194230692775,114|2.269060876270658,115|3.2146927011610336,116|3.2055933751187142,117|2.479993128651871,118|2.4200398031041757,119|2.0577337323867733,120|2.6647709365426198,121|2.8561455724552607,122|2.30226586277262,123|2.6059621333135197,124|3.010099239679947,125|2.844035274690752,126|1.7192478618768772,127|3.010099239679947,128|3.1483335112013533,129|2.6769423864635,130|3.010099239679947,131|2.4122889101032916,132|2.4897654016063813,133|3.101035770639844,134|3.0525183391896125,135|2.471050529119928,136|2.4819174831560504,137|2.549851865223533,138|2.5684927764454315,139|3.245056928549037,140|2.385574460308409,141|2.9408106974818207,142|3.010099239679947,143|3.010099239679947,144|2.646186269101965,145|2.8978244475757124,146|2.1732485494082074,147|2.526453335245937,148|2.252753809818124,149|2.5499446756877275,150|3.362395494266954,151|2.6504390529729585,152|2.1385173774233817,153|2.257892763064038,154|2.4764431124214767,155|2.3882977004864907,156|2.8316630673563905,157|2.14049984357247,158|2.2138689519486734,159|2.4612869273935654,160|2.190360412403953,161|3.2964929455858556,162|3.0702636622744626,163|2.754170306703962,164|2.7076494229399684,165|3.2347185528804605,166|2.052768859851746,167|2.865327672158484,168|2.4137716128129076,169|1.7197619250507046,170|2.487071333916316,171|2.9378507518094494,172|2.4120589954250473,173|2.171897415876505,174|2.1313344462736947,175|2.455802330322445,176|2.9732698876605235,177|2.0752238396447185,178|2.5082029774318966,179|1.701275423365444,180|2.9360717107144616,181|1.619905307489124,182|2.193871513331616,183|2.978671502572041,184|2.4407796918781526,185|2.7214006759859095,186|2.4135070076038074,187|2.437221791232332,188|2.7187495759828755,189|2.365704401447061,190|2.7120131952210804,191|2.350771510529561,192|2.800827898208766,193|1.9076653416268958,194|2.7799562947004146,195|2.112321401825814,196|2.151989205817969,197|2.3994518399928975,198|2.7589026316200513,199|2.843946005070291,200|2.4133106074737056,201|2.383759647778308,202|1.8246938774652535,203|2.542354271395718,204|2.465963325012215,205|2.6039369506467063,206|2.8439212541053713,207|2.4198632344634703,208|2.3284531984207835,209|2.1152725361965743,210|2.2664408372722686,211|2.7537743850297,212|2.0693628324781947,213|2.918220410169488,214|3.290118307429923,215|2.6021396413228466,216|2.5332059954063357,217|2.2868867880768806,218|2.7327855752260533,219|2.390938483306688,220|1.704433510022536,222|2.492786009816654,223|3.1441864589747857,224|2.6815335078912224,225|2.746482349532216,226|3.194521674877235,227|2.4373653531658803,228|2.3208682168311707,229|2.752871521251456,230|2.551089898133098,231|2.720330832761554,232|2.827215116420181,233|2.421866868861539,234|2.1586482394176163,235|2.6496495893620886,236|2.7279643821264488,237|2.5681218433692967,238|2.119162449384391,239|2.209390959409312,240|2.7977372370939655,241|2.558684284007955,242|2.6342807430784356,243|2.0012024454806605,244|1.7062653626794064,245|2.4848473229070374,246|3.0921157083403816,247|2.6374012986282924,248|2.3983245705253005,249|2.6114029825033214,250|1.975106723154945,251|3.0289836094470663,252|2.6652139553350978,253|2.425736484543116,254|2.533502589934762,255|2.117132980350254,256|2.3490266107313613,257|2.773318971529882,258|1.8826914961061783,259|2.3117202855716426,260|4.069107784304005,261|2.9418327318713895,262|2.927825688818096,263|2.6348693088295887,264|2.545771336666112,265|2.7754042399903844,266|2.367648756197442,267|2.3516110833052926,268|2.4977226412232554,269|2.630213508237506,270|2.2508052112714627,271|2.502442394841042,272|2.8937787787006446,273|2.147632797938172,274|2.10562167732289,275|2.229352422030327,276|2.228526303037552,277|2.7036777791584328,278|2.3341495312141127,279|2.734936919216008,280|3.010994635307961,281|2.6549514789753994,282|2.584331258249117,283|2.2421075924179097,284|3.2826583174833144,285|2.187922830070389,286|2.799931113343293,287|2.115731235066521,288|2.449390525270255,289|2.700313778570357,290|2.5603137745985762,291|2.042942131204742,292|3.0449991017200317,293|3.140950751261788,294|2.329347506653348,295|2.526529725715097,296|2.9151157926224274,297|2.4541497536175885,298|2.7172310233780146,299|2.684176682632769,300|2.7525655765779327,301|2.310187223387417,302|3.1845519711967185,303|2.0777568627210243,304|2.5947580200725353,305|1.976268548713275,306|2.9031767255878087,307|2.7350193227625748,308|2.8013846143256345,309|2.5793407994318382,310|2.58547531631094,311|2.483603304822302,312|2.1569303583256345,313|2.236888151195288,314|2.7375458646075908,315|2.298878070824673,316|3.2838065182454317,317|2.607052823345855,318|3.5794858849566635,319|3.1458090314387666,320|2.5649572901500073,321|2.5534234281410573,322|2.7907936239916697,324|2.8311642897169174,325|2.1620055128899462,326|3.0804292095094508,327|2.331478405886448,328|2.447295666712183,329|3.114180745966782,330|1.866468657290989,331|2.2955835308914687,332|2.068048449120883,333|2.9140036312790487,334|2.6852089670040975,335|2.9358416020427516,336|2.860535264282877,337|2.6721128294514385,338|2.618966535683125,339|2.6692338272294807,340|2.7062660524104922,341|2.538847758717406,342|2.5770901628845824,343|2.0911045267632833,344|2.6680562262990373,345|2.7093390603856022,346|2.653808217856327,347|2.3172182510710666,348|2.7469805332371813,349|3.408489881718155,350|2.9877552867262827,351|2.423327576995704,352|2.4361529000165176,353|2.993264445813737,354|2.5603059500682877,355|1.8049694513625456,356|3.3588671077561907,357|2.918729171214057,358|2.5647044746774696,359|2.099755575866705,360|2.5155840097035354,361|2.641590423194272,362|2.853525341830166,363|3.1425845006716084,364|3.1519248585109962,365|2.5748102876190675,366|2.2541896533008225,367|2.5609739044032094,368|2.8592534283445508,369|2.420940055769228,370|2.5662393791778175,371|2.5837288350904535,372|2.362910325145685,373|3.1427574485019965,374|1.6898807708363588,375|2.7285135861203753,376|2.9020299487125243,377|3.0817163974854216,378|2.4627023857142856,379|2.669631750231839,380|3.209723421047778,381|2.5026578062549305,382|2.1358905781335022,383|2.3315994478336153,384|2.742285447492411,385|2.581263590314447,386|2.0823328116721265,387|2.553727696204472,388|2.6279172095088423,389|2.1879479363835324,390|2.702106084015841,391|2.3824524162631118,392|1.8652080600057581,393|2.1205752115614653,394|2.7303547718154406,395|3.010099239679947,396|3.010099239679947,397|1.6683503048548576,398|2.741323613844414,399|3.010099239679947,400|3.010099239679947,401|3.320544618048033,402|2.635092145741532,403|2.9926892797552336,404|3.0525183391896125,405|2.301029278037154,406|2.540822935892936,407|2.152919357259317,408|2.542630582120566,409|2.556118570055478,410|2.552269925170879,411|2.2005631694366175,412|2.5563038710860457,413|2.294511818772264,414|2.361914635177694,415|2.29149342325726,416|1.7637996879960318,417|2.4423437296520594,418|2.220840713525937,419|2.2389846621035145,420|2.386252751576088,421|2.502643738229077,422|2.957926762630678,423|2.902433081013669,424|1.906566871794058,425|2.4111894369261266,426|2.4198720424392066,427|2.173260103420987,428|2.911564645192744,429|2.246063977587177,430|1.9369888291692994,431|2.6951948989495254,432|2.3119336243107,433|2.4426727457357424,434|2.5953811131193056,435|2.3701588504067153,436|2.458318692800881,437|2.0015110367134343,438|2.4664277414395093,439|2.5855564925421026,440|3.0411217696512445,441|2.827935489561358,442|2.6273802177949115,443|2.9252105487517106,444|1.8344046158919953,445|2.3698691549602025,446|2.705793871532019,447|2.1815020032540158,448|2.4814012019120217,449|2.6938095209435975,450|2.6672129606267703,451|2.1848494052544036,452|2.5025868917151035,453|2.696076434585276,454|3.090468439001123,455|2.130212753955522,456|2.8617932622849693,457|3.7584568459096412,458|2.3233942618586827,459|2.601435655783595,460|2.1329704623246575,461|2.2797693827139085,462|2.247605900655111,463|2.3656338879891194,464|2.38533195370164,465|2.5713598900559105,466|2.424372272812562,467|2.396809418187257,468|2.675676983369048,469|2.178517590868542,470|1.9110781467134372,471|2.717032698290544,472|2.2076933464415447,473|1.9423108789697419,474|3.447431195761168,475|2.8661152404082726,476|2.118154741868196,477|2.716822532550607,478|1.9891259370607655,479|2.8486172848820113,480|3.4919781161157766,481|2.8862161648665996,482|2.893355256034349,483|2.739982878906826,484|1.8195240721656705,485|2.3702305955670204,486|2.3970989795441655,487|1.847778156909965,488|2.3068872092028023,489|2.245944073688584,490|2.849621696348551,491|2.621005607360555,492|2.9403083283750586,493|2.616756622087991,494|2.959343742396665,495|2.314749736252423,496|2.027359211189567,497|3.043088622335576,498|1.9333688065948182,499|2.1553978944660903,500|2.88905627596086,501|2.5943581997151357,502|1.83918403391541,503|2.5423443649420294,504|2.808455104124202,505|2.152394106482586,506|2.5273695030985053,507|2.672794296437608,508|2.966699447264705,509|2.427877129739135,510|2.156920899092273,511|2.591204157899056,512|2.393891855953445,513|2.632100166628436,514|2.8493098255189597,515|2.7736951986194556,516|2.276282418558494,517|2.7300417555992373,518|2.1086169428629553,519|2.1890402255363037,520|2.6553816969604913,521|2.5628401581208466,522|2.8194922734578656,523|2.520476811309516,524|2.995158555938905,525|2.524638032764563,526|2.024034886224113,527|3.474111059034477,528|2.264173505505825,529|3.0223393837373678,530|3.010099239679947,531|2.9327341338991726,532|2.151988889385563,533|2.5597717931918584,534|2.79429949620126,535|2.6571018247938127,536|2.621314209285779,537|2.311046117134029,538|2.7276438348462952,539|2.9056167490635687,540|2.2336228539835004,541|3.437929722443906,542|2.2688546949712913,543|2.747256179617634,544|2.4751476833912176,545|2.4463796145990324,546|1.8294988769315905,547|2.516512340429022,548|2.420024966216313,549|3.012314207256053,550|2.392989867858277,551|2.875854019055862,552|2.8696047817973964,553|2.835496146086387,554|2.642778058043479,555|3.0700166569087894,556|3.3020155330243606,557|3.010099239679947,558|2.037309850022006,559|2.3806086529974717,560|3.010099239679947,561|3.0602121159743647,562|2.5446362066112584,563|2.7033982532958207,564|2.2294461870488216,565|2.2769582385993363,566|2.08926373573955,567|3.010099239679947,568|2.708521328030887,569|2.3375695328661132,570|2.4604837541968623,571|2.706418368751208,572|3.010099239679947,573|2.554963579096631,574|2.3857403282818197,575|2.5786010368010848,576|3.2146927011610336,577|2.513249699233424,578|2.8589361337913406,579|3.194521674877235,580|2.7991755775728615,581|2.985150436059696,582|2.524780716784922,583|2.48433104415321,584|3.010099239679947,585|2.8083933473066236,586|2.773029082449579,587|2.994648841523607,588|3.0966566706940597,589|3.321893411429169,590|2.6837707875772714,591|3.284462933154906,592|2.8832590979216066,593|2.800563486515746,594|2.812057460703642,595|2.8805517154348177,596|2.6691406166336407,597|2.9151096993882772,598|2.785459886015891,599|2.4005856569503896,600|2.6258785360243238,601|2.4235301930842863,602|3.057572161230688,603|2.5182859082696583,604|3.0525183391896125,605|2.4930458081915203,606|1.6404260166307147,607|3.010099239679947,608|3.1523157317934145,609|2.1738294687279818,610|2.5456978071441947,611|2.156320059866345,612|2.195478408128603,613|2.558508036888864,614|2.1787080546643938,615|2.9104110078326544,616|2.706777419545067,617|2.4303405393885065,618|1.7063983643851368,619|2.1061177650383716,620|3.010099239679947,621|2.5658009637167956,623|3.141432949928947,624|2.9768517940774997,625|3.010099239679947,626|2.2457655675161496,627|2.827826293794007,628|3.170603382586125,629|3.010099239679947,630|2.087994586824534,631|1.6361864114648805,632|3.1948416169949647,633|2.6010828031769906,634|2.5171583775290243,635|2.5729370725453524,636|3.010099239679947,637|2.5114999868651946,638|2.8175075794943494,639|2.1844270501610517,640|2.54562308059825,641|2.7052429396378,642|3.010099239679947,643|3.2146927011610336,644|3.2146927011610336,645|2.479608382895523,647|2.922312068498539,648|3.085127663672991,649|2.865596027710348,650|2.7751282557815156,651|2.871753388510955,652|2.4207959462610456,653|2.799204928012328,654|3.0485149576886306,655|3.2146927011610336,656|2.2188357429220273,657|3.101035770639844,658|2.646365721840504,659|2.5258876867633355,660|2.6079249187047657,661|2.7425193301694337,662|2.717373270862768,663|2.761842333893151,664|2.406723532933456,665|2.7329309302873015,666|2.495943694273892,667|2.2888838146986767,668|2.7964863221964356,669|3.010099239679947,670|2.766462593497817,671|3.3039032996119655,672|3.010099239679947,673|1.7045739403827653,674|2.6134178052403456,675|3.284462933154906,676|3.010099239679947,678|3.3539122575072673,679|2.551896529031944,680|2.6239142734000245,681|2.22610445604062,682|2.8260648685385688,683|3.0525183391896125,684|3.010099239679947,685|2.57193131496986,687|2.453048708684638,688|1.842488270148722,690|2.5327528946679756,691|2.4717793248267093,692|2.2023818506094175,693|3.010099239679947,694|2.383753543561478,695|2.8240136275525884,696|2.822203144444001,697|1.9810650171677273,698|2.3251181556387976,699|3.010099239679947,700|2.86974558783619,701|2.691609781012371,702|2.758310228798787,703|1.8114367558684863,704|2.4051324573025457,705|2.7298646116022915,706|2.518611809439313,707|2.3374909539496453,708|2.7263469716226414,709|2.564121536784583,710|2.1026424507960595,711|2.069258349961973,712|2.642395089434353,713|2.548803324813993,714|2.2534183512035657,715|3.221124264203646,716|2.165123595447992,717|2.5795211200188586,718|3.2697448856893043,719|2.3154322435323147,720|3.3292237604006454,721|3.010099239679947,722|2.4903610177480693,723|3.010099239679947,724|2.2227351183041835,725|2.3599629620903246,726|2.5517417063333596,727|3.0525183391896125,728|2.9234875812781658,729|2.473671688134357,730|3.010099239679947,731|2.8515187505048867,732|1.7383529309018309,733|3.1424052517613825,734|2.676743990020631,735|2.0231376822734766,736|2.774346253837708,737|2.1616813530915415,738|3.010099239679947,739|3.2146927011610336,741|3.183552159383989,742|2.0320042844387896,743|2.1550534582694922,744|3.010099239679947,745|3.5482729578874483,746|2.936749044608706,747|1.8367096168197297,748|2.732346517762816,749|3.010099239679947,750|3.098627377370514,751|2.521669790408094,752|3.2145830795842967,753|2.122738535605019,754|2.621183675511441,755|2.697860553607811,756|2.797115803170432,757|2.5532233570109666,758|3.010099239679947,759|3.2702292889700395,760|2.91318256722617,761|2.6758213723723134,762|2.051044081875572,763|2.5612917915683866,764|2.1604255707884636,765|2.3025107721450926,766|2.668928317904248,767|3.010099239679947,768|3.010099239679947,769|3.0525183391896125,770|3.010099239679947,771|2.6990195296717956,772|3.2146927011610336,773|3.010099239679947,774|3.010099239679947,775|2.0332804341610267,776|2.4634972162760462,777|3.0113107960521894,778|2.725838943813441,779|2.0352825710097364,780|3.0199736169438185,781|2.556280510745963,782|2.49356617819401,783|2.3452861164350276,784|2.3199515626523195,785|2.7035729234115218,786|2.754204705912934,787|2.8723975327604316,788|2.3536647428927493,789|2.6263144702982695,790|2.54554107611457,791|2.8019638198734773,792|2.6914255546077945,793|1.5909282394619937,794|2.493660256206012,795|3.010099239679947,796|3.010099239679947,797|2.5584241981361275,798|2.385919066761889,799|2.4489573555377553,800|2.8022558923920737,801|2.3956892335450215,802|2.4942197038672544,803|2.623275181655063,804|2.3237925723121835,805|3.0044444008854905,806|2.2312242138028946,807|2.025896556194138,808|2.4601599779702292,809|2.3754852751177613,810|1.3136963808530147,811|3.2146927011610336,812|3.010099239679947,813|2.3808029846402103,814|3.010099239679947,815|3.2659849424032625,816|2.5247779375757426,818|2.423922640627013,819|2.4537347757246524,820|2.712293930973228,821|2.488178097111863,822|3.010099239679947,823|2.501364631822232,824|2.7682868203636435,825|3.2145830795842967,826|3.010099239679947,827|2.5553492425422757,828|2.434075610340348,829|2.0948165747583003,830|2.517903247965867,831|3.0034817433303136,832|3.175418986168748,833|2.0987987206189525,834|2.569458983996165,835|2.3281795933185743,836|2.252151229089279,837|2.735737137646437,838|2.8964112822124455,839|2.0543916177367594,840|2.0423796618219483,841|2.5473922358775223,842|1.8609806489988037,843|2.5356331524946643,844|2.5192581878749873,845|2.4362476048443527,846|2.6046666810281156,847|1.9502991068744024,848|2.7130729387065253,849|2.2901643251259975,850|1.975608079744228,851|2.4580078099158484,852|2.6634841435062384,853|2.7566869561551792,854|1.8878738260721843,855|3.010099239679947,856|2.58685141636548,857|3.010099239679947,858|3.6706289585942633,859|3.0525183391896125,860|2.7831234840444914,861|3.0972222419837254,862|2.822268587310105,863|2.456903118364599,864|2.537452318792699,865|2.4372268040975857,866|2.9734497325607343,867|1.923516707500648,868|2.6649210433300485,869|2.2056466905853456,870|2.095128369261588,871|2.5185020465244206,872|2.446580467933267,873|3.010099239679947,874|2.625113845922535,875|2.645281643949777,876|2.6474241353301355,877|2.6488851651350402,878|3.010099239679947,879|2.2478709071621745,880|2.2025970677816216,881|2.0176141454629333,882|2.520106218502325,884|2.617471419903634,885|1.8695600149383123,886|2.4623524590225694,887|3.010099239679947,888|1.7774785387931784,889|2.4848333461943235,890|3.194521674877235,891|1.9768756688888285,892|2.8408776910210074,893|2.8046244345909397,894|3.141432949928947,895|2.5596773840208,896|2.498621694531412,897|2.9360339618956717,898|3.0003436842212965,899|3.3086340937496943,900|2.876246712100937,901|2.918246263280321,902|2.718878132004024,903|3.516340635622856,904|3.576549058671792,905|3.0923696402897924,906|3.0251496024042113,907|2.6651562674406266,908|3.7940187699946364,909|2.8604577994906975,910|3.2727419729603007,911|3.6330834313272873,912|2.879651446955818,913|3.2267201629565054,914|3.4988131658334347,915|3.054481044645574,916|3.287862387332127,917|2.9450802934936546,918|2.9391014837424807,919|3.3417425123513915,920|2.798199441938319,921|2.652728347096705,922|2.9866535503488914,923|2.8301466083696996,924|2.958780423705674,925|2.6371986722109284,926|2.6775800345584453,927|2.6157878211581362,928|2.998330595327019,929|3.2446815672025866,930|3.1535286416368447,931|3.0185415701868763,932|2.7544940041281087,933|3.482846541482971,934|3.006805175128777,935|2.5940292874856645,936|2.791513267894139,937|2.8611242928376663,938|2.914402055672057,939|2.2561146354350816,940|3.46574848267141,941|3.162889753034947,942|3.0148843244184893,943|2.9722265534992323,944|2.9591473551928793,945|3.0563614499089558,946|2.6782467613547913,947|3.0025938020624867,948|2.790178249446183,949|2.645065908017603,950|3.2576848513212386,951|3.1702476918696547,952|3.0180669027735396,953|3.2981555089248826,954|3.252863735459753,955|3.198367062220978,956|2.877157451674747,957|2.5936065782566926,958|2.9806091741308505,959|2.472774780205878,960|2.275877337204337,961|2.3115503689442347,962|2.8694524840709787,963|2.970618212000705,964|2.4108681893590527,965|3.271951737007628,966|2.816944440827329,967|2.204757105921488,968|2.352358807256416,969|3.139510759634814,970|2.635927185005546,971|2.818343040549538,972|2.6127196346044155,973|3.1224785635376815,974|2.9435732897083025,975|3.3183598245106474,976|2.5389022279063047,977|2.9714755865590448,978|3.010099239679947,979|2.860535264282877,980|2.8784777723660993,981|2.6330154928825342,982|2.6475751207257265,983|3.141432949928947,984|2.21893607543661,985|2.8244131245589994,986|2.5436211631897656,987|2.1336388882498776,988|2.604999664306345,989|2.4877095494524255,990|2.265539478583844,991|2.7777022473309456,992|2.336818762213616,993|2.509482336454461,994|2.910193989713675,996|2.273822243164152,997|2.661840143819168,998|2.342839561941351,999|2.404437416609752,1000|2.042600384464297,1001|3.2146927011610336,1002|2.6802889170176076,1003|2.8534213910807313,1004|2.4509703874527737,1005|1.9871263360046263,1006|2.3079564257121437,1007|2.124227991424875,1008|3.01556511005972,1009|2.4330853650500357,1010|2.577836588056974,1011|2.1237100354888456,1012|2.6909866208511275,1013|2.8497016152960732,1014|2.640400325801423,1015|2.804049773953329,1016|2.6687201217244905,1017|2.9775203823573686,1018|2.5952721870341797,1019|3.0321409664126815,1020|2.7266532387815454,1021|2.0233902761013143,1022|2.8979376365245644,1023|2.9690751566494047,1024|2.6290636410573054,1025|2.8877677760028106,1026|2.533707167136875,1027|2.687797599330972,1028|3.0536105761103,1029|2.848995660497601,1030|2.544903015630662,1031|2.844589458427859,1032|2.848479585151371,1033|2.705577669227938,1034|2.6226147099629253,1035|3.30347277212862,1036|3.656643064334234,1037|2.3631217084672294,1038|2.4933648577719465,1039|2.99159560959452,1040|2.424188459523408,1041|2.7027205936954637,1042|2.9114463865615305,1043|2.0208706526087115,1044|2.4252717532956884,1045|2.4736140529608726,1046|2.53771250867348,1047|3.0243986856316303,1049|3.1105305473668365,1050|3.1202909745284497,1051|2.545779241813091,1052|3.010099239679947,1053|2.0071664098035624,1054|2.702881210122249,1055|2.5696533063106255,1056|2.605742434095152,1057|2.6293473053510814,1058|2.3627688750161466,1059|2.6213621110780414,1060|2.9019157250956735,1061|2.5454712205291106,1062|2.479184251720941,1063|2.296616750402657,1064|2.054425643816196,1065|2.9714755865590448,1066|2.933794111113123,1067|2.524899426848391,1068|2.7510439413942356,1069|3.175332794940613,1070|2.708008905241387,1071|2.352412492184984,1073|2.955246500824698,1075|2.768637418589925,1076|2.5739966749599916,1077|2.984570636608588,1078|2.7370907363909933,1079|3.028889024897866,1080|3.301463214364375,1081|2.9231452233930932,1082|2.77253266946407,1083|3.1107370886856898,1084|2.803930282418624,1085|2.699518467952828,1086|3.35977496729807,1087|2.8493035213573488,1088|2.630710608699755,1089|3.340083342221525,1090|3.238690826034307,1091|2.5569434343651114,1092|2.961525082290528,1093|2.5926074076622143,1094|2.2014572679913096,1095|2.7611782469618307,1096|2.7535907699243714,1097|2.9129807675697172,1098|2.146572592419568,1099|2.980886434530634,1100|2.3663637745712744,1101|3.2327208386331954,1102|2.590833605403592,1103|2.7263096215075655,1104|2.8138748702660528,1105|1.4698892800643053,1106|3.0525183391896125,1107|2.685355023378599,1108|3.0525183391896125,1109|3.010099239679947,1110|3.3054502542750654,1111|3.130972383224549,1112|2.691191947465418,1113|2.5073653808803105,1114|2.270631201565183,1115|3.101035770639844,1116|2.5012620591446946,1117|3.2338828253690046,1118|2.986557029362483,1119|2.3730704665076185,1120|2.9261275905955317,1121|2.5440465314194736,1122|3.0525183391896125,1123|2.720086855933171,1124|2.9208138124767955,1125|3.1524365115421373,1126|1.947368528801049,1127|3.4178722717494745,1128|2.2147483834555763,1129|3.1087548071785096,1130|2.452732303632138,1131|3.1746492064747525,1132|3.0058892390965,1133|3.101035770639844,1134|2.6588638768360267,1135|2.84541933881647,1136|3.661498431783386,1137|2.4695364054385047,1138|3.0494537836599136,1139|3.010099239679947,1140|3.010099239679947,1141|3.010099239679947,1142|3.010099239679947,1143|2.478999905521694,1144|3.0385710722979438,1145|3.0525183391896125,1146|3.101035770639844,1147|3.376426144503538,1148|3.357065514037025,1149|3.4182705618290985,1150|3.0742369022722937,1151|2.4289837164899124,1152|2.4527001288810637,1153|2.38199047093564,1154|2.8822072700601673,1155|3.010099239679947,1156|3.010099239679947,1157|3.010099239679947,1158|3.2146927011610336,1159|3.141432949928947,1160|3.2146927011610336,1161|2.7022531946873256,1162|2.9823575258456354,1163|3.010099239679947,1164|2.525259103158781,1165|3.116395228781659,1166|3.2146927011610336,1167|2.300893500145865,1168|1.9081964196770187,1169|3.0494752337321183,1170|2.095903618090571,1171|2.8285796455872196,1172|2.8661762060306017,1173|2.4020151081082615,1174|2.6402829862427186,1175|2.886329606024671,1176|2.5928732602553173,1177|3.045433087208119,1178|3.0495411986994316,1179|2.4360060181485546,1180|3.1297446149865307,1181|2.2499584716441907,1183|2.374581610764838,1184|2.897227568173247,1185|2.8013184381954783,1186|2.509500408400905,1187|2.695918015731742,1188|2.926796736842641,1189|3.1056345465126007,1190|2.5390598614083233,1191|2.6179207350887586,1192|2.872752010464896,1193|3.1051523339462888,1194|2.9503272540148897,1196|3.881604074607978,1197|3.712433917789796,1198|3.957536805747112,1199|2.988632012585091,1200|3.642487286318928,1201|3.137659451368556,1202|2.5573686319280595,1203|3.1052469839667283,1204|3.2736084073885934,1205|3.2332580050594784,1206|2.855131873711781,1207|3.079237236331246,1208|2.8892215359629057,1209|2.7454951663552247,1210|3.763332428757947,1211|2.5272233504659325,1212|3.5338755533003274,1213|3.0719360403680533,1214|3.3344120363557734,1215|3.160787669845827,1216|2.6393728259120994,1217|2.8976753597831557,1218|3.523900617911692,1219|2.828765563886493,1220|3.358638388138555,1221|3.5479459066339443,1222|3.325158341115567,1223|3.283850580871718,1224|3.4126059787054484,1225|3.0783268025912403,1226|3.1592518133623306,1227|2.799555823093849,1228|2.9191568548156033,1230|2.7126468497161467,1231|3.440589356009906,1232|2.834290015411481,1233|3.420723116901018,1234|3.326931784795093,1235|2.968384849641076,1236|2.8133152485383315,1237|3.0067285403379365,1238|2.831708961239748,1240|3.735513839314554,1241|2.472715721204483,1242|3.574136897343533,1243|2.8185904911940387,1244|2.4810513891302097,1245|2.988179071804084,1246|3.0031809581461744,1247|2.7115682120128004,1248|3.118908795244656,1249|3.5071586560083845,1250|3.225220974499563,1251|2.7083498567615325,1252|3.244565843373812,1253|3.2673813926370157,1254|3.167512743863348,1255|2.0904653337306107,1256|2.9056292220961026,1257|3.1786994822954715,1258|2.5845050947531316,1259|3.2126679761418906,1260|3.0935721478118747,1261|2.7697872765435605,1262|3.5883629881322845,1263|2.7156168365800397,1264|3.1100281960931904,1265|2.913010170349268,1266|2.598627300504799,1267|3.4377334226452634,1268|2.712185609833946,1269|3.5287859749646233,1270|3.4121529434186577,1271|2.880489103807954,1272|3.375041480068257,1273|2.6321979002707123,1274|2.926345155721982,1275|3.5373101049106124,1276|3.1339477349262443,1277|2.918287080051787,1278|3.1279379961584426,1279|2.6733407746737057,1280|2.739590697971795,1281|3.2998056972923573,1282|2.95187302873361,1283|2.8259440706598475,1284|3.282325388094911,1285|2.9050533536990115,1286|2.77830399382102,1287|3.5986093085479007,1288|3.114640660760088,1289|2.975466561094221,1290|2.5941596462381584,1291|3.6238119798640094,1292|2.7900492076141905,1293|3.2332387672974967,1294|3.096019031318289,1295|2.4456844313784654,1296|2.5025614506784146,1297|2.9466650743402143,1298|2.374483790903306,1299|3.0268149595763822,1300|2.6902105429367364,1301|3.368052644077477,1302|3.291265103144392,1303|3.4656539292739317,1304|3.1757455828266945,1305|2.612923825505816,1306|2.50848034808769,1307|3.2088269240988803,1308|3.2146927011610336,1309|3.0485149576886306,1310|2.8017083058862533,1311|1.3143275284197657,1312|2.409867741843166,1313|1.485493741468446,1314|2.638562481273982,1315|2.7754561976771943,1316|3.010099239679947,1317|2.4800272004486796,1318|2.5822055822171093,1319|3.0525183391896125,1320|2.6432148208188915,1321|2.755874330632161,1322|1.7735781560193016,1323|1.43957481729873,1324|1.6336312382328546,1325|1.6679688738045118,1326|1.7422357907684365,1327|2.210796175901677,1328|1.8710106004225016,1329|1.9016423469475052,1330|2.013359170605982,1331|2.2134165138162474,1332|2.436741284271644,1333|2.5961468446278957,1334|2.332962376441382,1335|1.6068970686258943,1336|1.6712388034707981,1337|2.4042229458527222,1339|2.5168025504945435,1340|2.718738280262784,1341|2.1172997032917307,1342|2.0245139759190107,1343|3.001037773275077,1344|3.1095723232639214,1345|2.369666203447963,1346|2.302074767443847,1347|2.6269413256978567,1348|2.587810538735173,1349|2.1956601665270234,1350|2.595388513511791,1351|2.7458368813713445,1352|2.292258974828656,1353|2.4262374641954976,1354|2.4046990780389637,1355|2.4828320917702307,1356|3.4755416860339077,1357|2.555357069788398,1358|3.0424838340098193,1359|1.7287866565133712,1360|2.4633612085408076,1361|3.13483410339072,1362|3.010099239679947,1363|2.4607472052463004,1364|2.8195763764912156,1365|2.9617313447127973,1366|2.6504000742206926,1367|2.6277058066602,1368|3.010099239679947,1369|2.600352641421254,1370|3.24384378479552,1371|2.8893135292706633,1372|3.278596401644493,1373|2.670139643488961,1374|3.743801502523763,1375|3.1771251092243933,1376|3.3481022087599213,1377|2.5186800641132434,1378|2.8494224471150473,1379|2.3811670795440483,1380|2.9120288310388776,1381|1.828136522269513,1382|2.5464260219460124,1383|1.6007412116896065,1384|2.5554134949022353,1385|2.9676031281841677,1386|2.9804371157629346,1387|3.5229027957902668,1388|2.486418033302347,1389|1.8345847662969939,1390|2.644433996501345,1391|2.293357087576471,1392|2.716821658737756,1393|2.9179716952460053,1394|2.8988153390428337,1395|2.606488153548237,1396|2.99534679970779,1397|2.4979732137547295,1398|2.337135788401153,1399|2.4932456044355,1400|3.010099239679947,1401|2.974978405727013,1404|2.4851361157391905,1405|2.788812586052622,1406|2.6209426663166084,1407|2.7024715903028547,1408|3.231084419664926,1409|2.640110215829842,1410|2.587300642383688,1411|2.7852202209835752,1412|2.516748583953442,1413|2.6000714023233784,1414|2.78762466076075,1415|2.1500494330648596,1416|2.7265597256353,1417|2.5302119114174753,1419|2.4398129861837585,1420|2.866060991834918,1421|3.0525183391896125,1422|3.017865608737238,1423|2.676465908733858,1424|3.3054502542750654,1425|2.768052077749412,1426|2.458751039614701,1427|2.8744916319572145,1428|3.010099239679947,1429|3.0828788930569155,1430|2.832069651384357,1431|2.891580298058374,1432|2.8270160668234903,1433|2.407034457547012,1434|3.3054502542750654,1436|2.7947363488191326,1437|2.547764770886011,1438|2.7375135445161165,1439|2.627337071263784,1440|2.779844806791593,1441|2.3888297661744122,1442|2.7640185088291362,1443|3.0525183391896125,1444|2.5257726735224386,1445|2.6657340325582153,1446|3.385795137173958,1447|2.4911655326531426,1448|3.0525183391896125,1449|3.038576048007351,1450|2.5468182123318734,1453|2.0862899827190504,1454|2.583043226498307,1455|2.712222884289047,1456|1.677646377532117,1457|2.590482722413726,1458|2.5236280494629657,1459|2.9264354486036033,1460|2.5716314707446326,1461|2.478236886332557,1462|3.0525183391896125,1463|2.698298102730635,1464|2.702892679859027,1465|2.8416538529675797,1466|2.744073039128608,1467|3.101035770639844,1468|1.8554329088938384,1470|2.836827476140603,1471|2.585533479260511,1472|2.568869416881664,1473|2.621878061824213,1474|1.571536729942362,1475|2.3398644416505463,1476|2.6291772845536396,1477|2.5881199197277196,1479|2.724844140579819,1480|2.8324453788321184,1482|2.360083512356609,1483|2.0233804030922404,1484|2.9386915678168775,1485|2.7844014295755706,1486|2.5015058019371983,1487|2.3479601095666975,1488|2.5483760898371877,1489|1.8763385657926956,1490|3.2146927011610336,1493|2.4497196155609338,1494|3.2146927011610336,1495|1.2592825070601816,1496|2.308645194850265,1497|1.7716666803685945,1498|2.0390014929229854,1499|1.8414419128139234,1500|2.998318983001094,1501|2.0115803580639566,1502|2.122426295208851,1503|2.133979910101329,1504|2.538700512665274,1507|2.874408292420342,1508|2.4876502398239513,1509|2.4802851345965307,1510|3.010099239679947,1511|2.598689165959846,1513|2.536994251644825,1514|2.2403702294807673,1515|2.1459233627328955,1516|2.956598172743843,1517|3.1074259919033675,1518|3.036614838345975,1519|2.7771977837019417,1520|2.0489620120790324,1522|3.010099239679947,1523|1.934095101427918,1524|3.010099239679947,1525|1.9741827037088555,1526|2.1554610963923144,1527|3.169369177428684,1528|3.2146927011610336,1529|2.3511882960119914,1531|2.9365551014330533,1532|2.328283692473292,1533|2.5457842454730377,1534|2.3701963967483226,1535|2.4591070577938394,1537|2.958713459591155,1538|2.44480232402894,1539|2.2021110924616094,1541|2.525012133926983,1542|2.4649217879798253,1543|2.7316064401292346,1544|2.761404793494519,1545|2.798329088145782,1546|2.8194243300134,1547|2.630864784884004,1548|3.010099239679947,1549|1.9673515486145183,1550|2.3119861104946606,1551|1.9350803879979408,1552|2.8365962435072296,1553|3.2146927011610336,1554|2.424797185143298,1555|2.5306159082492674,1556|1.7568904548609583,1557|3.010099239679947,1558|3.2146927011610336,1559|3.010099239679947,1561|3.2146927011610336,1562|1.7235225975346478,1563|2.5529630858356382,1564|2.757861894160337,1565|2.5760136668868787,1566|2.6680696137833233,1567|3.0601248995936157,1568|2.8316209609012466,1569|2.670723897344863,1570|2.5767686840072006,1571|2.351616541929105,1572|2.4564446454700337,1573|3.1263818671192403,1574|2.2730267428722115,1575|2.1284787387965483,1577|3.010099239679947,1578|3.065721891994759,1579|3.010099239679947,1580|3.3558459999115664,1581|2.2897331138878894,1582|2.412045068111636,1583|2.3185432862350814,1584|3.1876563290416517,1585|2.4165349218198777,1586|2.508010246623119,1587|3.2226153611765556,1588|2.4991451801657076,1589|2.3637767380854173,1590|2.0899393721156736,1591|2.389021414325372,1592|1.8915473720040576,1593|2.374167864400531,1594|2.6313332912326066,1595|1.5190003573774047,1596|2.586772912458615,1597|3.006430769778921,1598|2.2597680013481876,1599|1.7965659006512533,1600|2.0668680978721325,1601|1.9997468150815338,1602|1.9848299693722287,1603|2.5071709899255916,1604|2.20269748061686,1605|2.271265823217832,1606|2.2345830507405595,1608|3.0898889901128666,1609|2.122642306213963,1610|3.70947053218834,1611|2.4181204220941055,1612|2.887824821990593,1613|2.5899377562155195,1614|2.744881625633027,1615|3.2021395568708115,1616|2.8426501193540132,1617|3.4255814635280744,1619|2.7715925967211428,1620|2.7720606288423673,1621|2.6121069449234815,1622|2.5568868146031085,1623|1.7660762497185738,1624|2.365916445834884,1625|3.295554335686681,1626|2.1534072569132503,1627|2.4116051563426693,1628|3.010099239679947,1629|2.594038714576203,1630|3.101035770639844,1631|3.176400442657182,1632|2.289564543494691,1633|2.664669291570426,1635|2.5727950488908577,1636|2.7659420375771946,1639|2.7553416492352456,1640|2.1154004340561627,1641|2.9999193671520086,1642|2.645914945697598,1643|2.7499756892848684,1644|2.098243236702265,1645|2.6685987233783006,1646|2.3966883842689826,1647|2.4298777224451937,1648|2.5917198817999956,1649|2.912226723538504,1650|2.4338493309424756,1651|2.4287441460447114,1652|2.8399498990316174,1653|3.010152601645717,1654|2.681504176286043,1655|1.903878553725253,1656|2.1893674918577988,1657|2.6265669148368014,1658|2.7206222045492243,1659|2.493574079783567,1660|2.6220324717673025,1661|2.9414192227619163,1662|2.283139958367764,1663|3.227332203629672,1664|2.444256350089264,1665|2.362066157201087,1666|1.9071490091848577,1667|2.2096708823469435,1668|2.115978673047543,1669|3.141432949928947,1670|2.5610965916615664,1671|2.3594891745953586,1672|2.9401613231713593,1673|2.7078309900720434,1674|3.371005617757466,1675|2.6073178649992252,1676|2.6869473906637813,1677|2.3167119381798025,1678|2.9031856041621538,1679|1.8356804981832053,1680|2.707677831141545,1681|2.1536717141711073,1682|2.854159788863018,1683|2.64715339101826,1684|2.5869924646371034,1685|2.5389700296852578,1686|2.6803446584347403,1687|2.810034999266149,1688|2.7177704601291444,1689|2.7296495551312674,1690|2.585341883782167,1692|3.0521789441742246,1693|3.219239920172427,1694|2.774044316840747,1695|2.6765219788318317,1696|2.460135239885429,1697|3.065721891994759,1698|2.5836167902860776,1699|2.369091779692116,1701|2.588746580447716,1702|1.8845948432944162,1703|2.354468536987076,1704|3.236520721496804,1705|3.010099239679947,1706|3.010099239679947,1707|1.5546420716120348,1708|3.010099239679947,1709|3.194521674877235,1710|3.010099239679947,1711|2.3599435095099346,1713|2.4260021445442623,1714|3.141432949928947,1715|2.3885805506749063,1716|3.010099239679947,1717|2.427397501189276,1718|2.28408079115173,1719|2.642640638317433,1720|3.277519682870547,1721|2.9272868335626825,1722|3.006046091936813,1723|2.915373575711512,1724|3.010099239679947,1725|2.754191588996268,1726|2.1783649805664993,1727|2.5823463548713286,1728|2.425411195815785,1729|2.5419974074791702,1730|2.6684658284565645,1731|1.6498687904852771,1732|2.783642531386843,1733|2.05777433817112,1734|2.7323986291462647,1735|2.3739743784549603,1738|3.2146927011610336,1739|1.4770328383777005,1740|3.245056928549037,1741|3.010099239679947,1742|3.065721891994759,1743|2.6447843500755064,1744|2.4212991044034133,1746|2.3803671317079926,1747|2.703673897069879,1748|3.2280396058224547,1749|2.6922637788436687,1750|2.069892998104331,1752|2.4721856928699584,1753|2.537529939267631,1754|3.0128998475231192,1755|3.015400702826037,1756|2.007718057238868,1757|2.5640469697969444,1758|3.010099239679947,1759|3.0965831880927217,1760|1.7697893750818743,1762|2.322775491974526,1764|3.2842924303305105,1765|2.9440388274834945,1767|2.37689635056112,1768|3.010099239679947,1769|2.7591466958838042,1770|2.56348420640873,1771|2.1550745499080426,1772|2.0518318445091843,1773|2.5426076814292253,1774|3.101035770639844,1776|3.010099239679947,1777|2.8843802719325184,1779|2.4517418407520255,1780|3.24893495376996,1781|3.010099239679947,1782|3.2145830795842967,1783|2.6751556408178354,1784|3.2008720512359234,1785|2.8152129779470187,1787|3.0525183391896125,1788|2.7921092312745435,1789|3.010099239679947,1791|2.1400530287520256,1792|2.8580754343567207,1793|2.1691519623760245,1794|2.416851468059675,1795|2.635536062119278,1796|3.245056928549037,1797|3.379404854082339,1798|2.438637088994037,1799|2.7105380519685474,1801|2.629894992065044,1804|2.175969078566954,1805|2.7919245312519045,1806|2.423294587300006,1807|2.866463321568109,1809|2.7516087644675964,1810|2.763073955647328,1811|2.5954609005319433,1812|2.509743134855868,1814|2.5786760888846434,1815|3.010099239679947,1816|2.3099082551120453,1817|2.037519307720812,1819|3.010099239679947,1820|2.5206797556372416,1821|2.5573997107126987,1822|1.9719620082531781,1824|2.902319789387856,1825|2.352295464830919,1826|1.5484325331330249,1827|2.9997889370489954,1829|2.1016971383731837,1830|3.2146927011610336,1831|2.514559444748325,1832|2.983685260421879,1833|2.7254228761994286,1834|3.1443735782005957,1835|2.4974991113846956,1836|2.3728431910963366,1837|2.508321591023341,1839|1.9910056953038904,1840|2.588068148419545,1841|2.782718259832209,1842|2.9440388274834945,1843|3.0565571460170826,1844|2.753994242328675,1845|3.2646317671345484,1846|2.255442641582678,1847|3.116395228781659,1848|2.2358644458944763,1849|3.122180809263787,1850|2.0078740140245714,1851|3.0485149576886306,1852|3.116395228781659,1853|1.7097445843317798,1854|2.458917210099629,1855|2.156530853628014,1856|2.5079915445021177,1857|2.3698844067281515,1858|3.069034188206677,1859|2.6709083597891956,1860|2.2741968418939082,1861|2.7369324563986908,1862|1.6939830172003232,1863|2.1337162481562295,1864|2.4687303168656287,1865|2.7546412515124947,1866|2.7111271921030315,1867|2.2419073591373633,1868|2.860535264282877,1869|2.1631395387511194,1870|2.541912764585241,1871|2.515390838166761,1872|2.586838382365933,1873|2.9124667365418997,1874|2.447344673454534,1875|2.5701704467387017,1876|2.6910612153281335,1877|2.7796990927144147,1878|1.9028762891910587,1879|2.6879000654876952,1880|2.5382822719549973,1881|2.116211460567342,1882|2.145167041673172,1883|2.6824746213645656,1884|2.465292567421757,1885|2.611101232724245,1886|2.568977084334035,1887|2.2141412577061117,1888|2.2844950764174308,1889|3.22544752885578,1890|2.2732782809640053,1891|1.9131751779427622,1892|2.995487254525416,1893|2.6738325164260024,1894|2.4883717327872583,1895|2.460860911873711,1896|2.578816912363575,1897|2.3488909043735435,1898|2.6311951426846942,1899|2.2894386398702204,1900|2.7968755669879464,1901|2.8300422981729643,1902|2.412026904463012,1903|2.2505910893324304,1904|2.498460115861357,1905|3.010099239679947,1906|2.4277921904784705,1907|2.9722031439659355,1908|2.775582467984524,1909|3.185489664016434,1910|2.5022157533641707,1911|2.541144480713582,1912|2.9011699275408214,1913|2.619237396207554,1914|2.6114120764274213,1915|3.010099239679947,1916|2.4055821726366795,1917|2.6475529835765372,1918|2.596955895795398,1919|2.6294000835574334,1920|1.921094140605121,1921|3.152256846505171,1922|2.4399052729874633,1923|3.1644855882327994,1924|2.1180979999839225,1925|2.6102948238895403,1926|2.446036969667301,1927|2.7646669829645365,1928|2.4653861200292617,1929|2.69614217569808,1930|2.6390373794211435,1931|3.3861543509635705,1932|2.8719002673903016,1933|2.775884013632531,1934|3.0392446578172128,1935|2.9218441288792363,1936|2.8073389114771814,1937|3.1315751532263914,1938|2.8025599575946147,1939|2.900156204904252,1940|3.077750690611088,1941|2.8006800749305665,1942|2.986096891318706,1943|2.853911295055809,1944|2.649190092399253,1945|2.9375673557601725,1946|2.6921819333679062,1947|3.0653205899389793,1948|2.8865522401105315,1949|3.3032558207965748,1950|3.2001620711955394,1951|3.1362134013327028,1952|2.677640502898622,1953|3.4107817522483277,1954|3.6109679514236674,1955|2.8379057966836143,1956|2.7906525420789756,1957|2.995449427694597,1958|2.8441584868781513,1959|2.5451222999220215,1960|2.770683616698018,1961|3.1562087248586295,1962|3.0343841274866454,1963|2.9776185954170256,1964|2.7334067500993884,1965|2.7637648684447242,1966|2.57093041481973,1967|2.9919555207423367,1968|2.9490815527677348,1969|1.9664288825148621,1970|2.355375035160168,1971|2.071929111530198,1972|1.9430667517687137,1973|1.920244020467194,1974|2.3838897807685955,1975|2.0790191456416647,1976|1.9280964164964685,1977|1.9454282970628989,1978|1.8213071917158343,1979|1.963838829265276,1980|1.9325218391830348,1981|1.7530579768557153,1982|2.66786086961149,1983|2.265093434720387,1984|1.8178982260677632,1985|1.9787347150910448,1986|1.8943111378038604,1987|1.8429410986647938,1988|1.812676850717694,1989|1.3733966239681723,1990|1.6836072563450402,1991|2.0768114364617105,1992|1.7007150430483915,1993|1.6273302303961261,1994|3.0040736731485422,1995|1.9725143452035285,1996|1.6493286388052026,1997|2.789244268989557,1998|1.5793117446267726,1999|2.1723144207500087,2000|3.4383334861287143,2001|3.068420955019848,2002|2.7929025613721623,2003|2.495238851776773,2004|1.9791919853109468,2005|2.9155646592569684,2006|3.0494565995398553,2007|2.4351283263161916,2008|2.2839757323781873,2009|3.059068881498402,2010|3.083024625388582,2011|3.0595743172534613,2012|2.8422346056605434,2013|3.1611901248158034,2014|2.4533462260392698,2015|2.8203772456450316,2016|2.248450483232186,2017|2.569367409908671,2018|2.6600121454085484,2019|3.6266595747415593,2020|2.607011554384357,2021|3.1067444630534418,2022|2.7327386084699357,2023|2.828723342792135,2024|2.4395506211094506,2025|2.2778131576554888,2026|2.0976610407357152,2027|2.1486786035002843,2028|3.68983504855363,2029|2.858695087475068,2030|3.010099239679947,2031|2.2110687241722493,2032|2.3279698710050316,2033|2.657355908022933,2034|2.6023235676697585,2035|2.385114100971774,2036|1.8851831605431915,2037|2.6942085900200103,2038|2.3557144099033147,2039|2.56288200079993,2040|2.494418046458152,2041|2.060208507107157,2042|2.0322536342830917,2043|2.68866015433372,2044|2.217903309427672,2045|2.556970229986956,2046|2.7369128168375276,2047|2.525717893032806,2048|2.6909862559676876,2049|2.679563463908249,2050|2.604567826641559,2051|2.460882373387445,2052|2.7706564850329913,2053|2.6917792541543513,2054|2.6854922477982557,2055|2.408042866003132,2056|2.8268226804869228,2057|2.8595230405952483,2058|3.2668864242546807,2059|2.5025783016376417,2060|2.677712407789449,2061|2.7025136344074396,2062|2.437329590613256,2063|2.331391689032951,2064|2.614227925005013,2065|2.4722126465063345,2066|2.7196269456155893,2067|2.6118818208229286,2068|2.675590379702477,2069|2.679533156900627,2070|2.5696985128219687,2071|2.850461093266343,2072|2.673336035207855,2073|2.9263696970536293,2074|2.490843328517631,2075|2.3043065685147446,2076|2.540278644463104,2077|2.7833034987203096,2078|2.893248294575904,2079|2.890525890615587,2080|2.8198205291170417,2081|2.886495836334017,2082|2.7746802440739633,2083|2.847746394300941,2084|2.682334696376257,2085|2.8103137716935938,2086|2.7768383658259124,2087|2.9062613639576096,2088|2.6638114468644765,2089|2.659757885665529,2090|2.7636811065343085,2091|2.6715778020278393,2092|2.2906722395201515,2093|2.826948618712446,2094|2.9669977781509393,2095|2.667876515866234,2096|2.71230858278653,2097|2.408616623634048,2098|2.545488676353809,2099|2.834536103152507,2100|2.8378072680634414,2101|2.721884597353835,2102|2.713395697707658,2103|2.3550063040782248,2104|2.4717251714798385,2105|3.001403843193597,2106|2.619885377240496,2107|2.3411288696380868,2108|2.848046177259891,2109|2.9942677850072754,2110|2.7460822767090685,2111|2.594360074494893,2112|2.5288665107727843,2113|1.7935563159360086,2114|2.8639117231286058,2115|3.3956284367337304,2116|2.6442182231807814,2117|2.740548368629145,2118|2.8559481921773138,2119|1.8997772950652096,2120|2.1675216387232292,2121|2.3472608426561132,2122|2.0250838977955903,2123|2.2056213247361844,2124|2.735836304272926,2125|2.9648042695342416,2126|2.6038146433955602,2127|3.0485149576886306,2128|2.5712310039482444,2129|2.798398609355835,2130|2.2701466337804797,2131|2.5010706783711782,2132|2.6899210528128608,2133|2.8354207221677217,2134|2.89673756732661,2135|2.881641461414775,2136|2.7333610499713914,2137|2.7632271528907575,2138|2.6468572590163255,2139|2.826474088793023,2140|3.099419998506714,2141|2.799492413404159,2142|2.214738025200499,2143|2.7219832601931486,2144|2.9210111997077903,2145|2.524983114996907,2146|2.329015573940967,2147|2.3035529120387452,2148|2.0350462717910096,2149|1.94410883703853,2150|2.96746875150977,2151|2.7098154698457693,2152|1.631801950093092,2153|2.075213368662445,2154|2.203093943615057,2155|2.5850256492419073,2156|2.678422766449877,2157|2.7523629825760416,2158|1.9734141367077696,2159|1.988635551854117,2160|2.4728361440515103,2161|2.994631401316094,2162|2.218613818061777,2163|1.9452125430455744,2164|1.8831563737816828,2165|2.4775031416143625,2166|2.473706064545254,2167|2.8072640076561126,2168|2.309060982769858,2169|2.2592644489941534,2170|2.2728954359757916,2171|2.5806012293231215,2172|2.6926029198386834,2173|2.9661733228847225,2174|2.6818931896400207,2175|2.560706988722569,2176|3.3151826041611097,2177|2.808509216950203,2178|3.137129313905799,2179|2.9314814473214,2180|3.112714760240511,2181|3.0578530344537587,2182|2.7988200016524614,2183|3.3539689597073457,2184|3.1175882063048146,2185|3.0135776227548137,2186|3.290680658679828,2187|3.2117487710510297,2188|2.178973953272867,2189|2.4828935178610014,2190|2.3756726190342365,2191|2.460948947759917,2192|2.288195881929277,2193|3.0627968210943264,2194|3.606161729210603,2195|2.443971879099755,2196|2.436815064920963,2197|2.985447731849219,2198|2.9034185677093154,2199|2.402563163052354,2200|2.729269468998994,2201|2.6828380514194112,2202|3.0777110770724976,2203|3.39196449852777,2204|3.285505468324509,2205|2.8163615435254012,2206|3.2939319332334858,2207|2.6728319477503266,2208|3.405303995943764,2209|2.201130051588896,2210|3.0034570648039614,2211|3.1761684258546374,2212|3.1559930208100173,2213|3.3183598245106474,2214|3.176432665255489,2215|2.415208088678426,2216|3.010099239679947,2217|3.3183598245106474,2218|3.010099239679947,2219|2.850256744338334,2220|3.010099239679947,2221|2.5017790673200024,2222|3.2146927011610336,2223|3.2146927011610336,2224|3.010099239679947,2225|3.010099239679947,2226|2.6099812826814177,2227|2.702925123789244,2228|3.010099239679947,2229|3.010099239679947,2230|3.2146927011610336,2231|2.58984022210886,2232|2.527167241297202,2233|3.010099239679947,2234|2.5889286372529936,2235|2.860535264282877,2236|2.80509161503273,2237|3.0648259671460414,2238|2.7134635927941613,2239|2.615863547847553,2240|2.479085818048548,2241|2.4535095708162418,2242|2.498197835723807,2243|2.5435307591247054,2244|2.616088597508425,2245|2.8317081494445704,2246|2.1581180329559566,2247|2.5361293232179847,2248|2.857887158482006,2249|2.484603262004602,2250|2.298016372905038,2251|3.2146927011610336,2252|2.5973644774690303,2253|2.1783555763669114,2254|3.010099239679947,2255|2.211949789610803,2256|2.377328025524604,2257|2.327460570577141,2258|3.3054502542750654,2259|2.0817659658843097,2260|2.321210042885422,2261|2.7609581950755384,2262|2.3500168849090572,2263|3.022410768708174,2264|1.9923281282561311,2265|1.7486055018122633,2266|2.4437308756787184,2267|2.8355067735852293,2268|3.227140821125973,2269|2.408658262670758,2270|3.0525183391896125,2271|2.4927839136110688,2272|2.5946199535542425,2273|3.0577775982011297,2274|3.010099239679947,2275|2.662197022638714,2276|2.530427853715408,2277|3.010099239679947,2278|3.116110867795206,2279|2.2228171027290773,2280|2.542246840933079,2281|2.094188982641007,2282|2.5522144223555534,2283|2.147038489608021,2284|2.4622486200647873,2285|2.70300689522347,2286|2.483153656145756,2287|2.67060446434427,2288|2.5033133394082507,2289|2.8305200603948615,2290|2.3100873373481177,2291|2.6626052875868895,2292|2.274846698534819,2293|2.3567488009466677,2294|2.658142472470151,2295|3.0362189410631064,2296|2.107173099901723,2297|2.3748153506894685,2298|1.5655500007380767,2299|3.2146927011610336,2300|3.190315130631637,2301|3.2165001575176957,2302|3.074058416218719,2303|2.7265406305674014,2304|2.4985026837902424,2305|2.339209709819378,2306|2.1593550109074746,2307|2.415278051956161,2308|3.2826583174833144,2309|3.010099239679947,2310|2.8880198927838223,2311|3.1599007308418794,2312|2.9745934769574407,2313|2.714002068636086,2314|2.2892560685103325,2315|2.0384511448685205,2316|2.3011291896977033,2317|2.465470765579064,2318|2.6365231947411862,2319|3.2146927011610336,2320|2.669646157354265,2321|2.8539939728301063,2322|2.5632906509519318,2323|3.056740606089817,2324|3.525099059951528,2325|2.7068616399997047,2326|3.116395228781659,2327|2.2455809456072915,2328|2.154396490058411,2329|3.299787787077336,2330|3.1066095914182745,2331|2.2396289158794103,2332|2.1541304935048124,2333|2.5811502990703117,2334|2.9888845272648514,2335|2.4873750740988867,2336|3.4045567322157204,2337|2.480515988291711,2338|1.8580997424914862,2339|2.1581787182849776,2340|2.562109008090787,2341|2.389103122347878,2342|2.7828364590132195,2343|3.010099239679947,2344|2.9411415184048924,2345|2.4406254706862844,2346|2.7619908332836443,2347|2.734699789127421,2348|2.4946688578853955,2349|2.8845866980103505,2350|2.254825893994899,2351|2.736554540659495,2352|2.870265846747304,2353|3.232713638516726,2354|2.211075364563471,2355|3.042714002768532,2356|2.359118356687868,2357|2.8827215344627817,2358|3.136253927826462,2359|3.020557236948517,2360|2.7211708060907194,2361|2.5697412739476277,2362|2.053321866843412,2363|2.9292261695381354,2364|2.5312556385974787,2365|2.5664429811657183,2366|2.9046255423756677,2367|2.554163459416239,2368|1.7063671730043517,2369|2.2519251872466994,2370|2.8880536985164107,2371|3.093556288283671,2372|2.5863682673419706,2373|2.503229612439408,2374|2.507129445923397,2375|2.57336813238297,2376|2.950178579709249,2377|2.173182932376593,2378|2.5752494679023137,2379|2.0738613967976995,2380|1.92576725713778,2381|1.7676971266627102,2382|1.6544376337445947,2383|1.7180895870939201,2384|2.5080165527469274,2385|1.9921426809960243,2386|1.7849819987624924,2387|2.1927096129055013,2388|2.0538722297511267,2389|1.9926600926137037,2390|2.7597758883747847,2391|2.8294093893132866,2392|1.8596947091765479,2393|3.071847270015022,2394|2.9940567853522664,2395|2.7491304799827123,2396|3.2264569409365427,2397|2.87886800085558,2398|3.1767946905258917,2399|2.2587400610444437,2400|2.4671093780430686,2401|2.722332208535004,2402|2.745947376411608,2403|3.509693649544368,2404|2.3862058644203032,2405|2.9009923002426934,2406|3.2147703356984136,2407|2.7854855620842915,2408|2.2706516205473983,2409|3.2060353044212944,2410|3.110784176482202,2411|2.976536841034103,2412|2.2138716717815052,2413|2.9342435951272288,2414|3.0090410394242433,2415|2.574905247888515,2416|2.7355884008432074,2417|2.491559271756294,2418|2.75032631607346,2419|2.7914950560378395,2420|2.908682681695539,2421|2.6852287499439687,2422|2.207447577614248,2423|3.1020521237942926,2424|2.6778123846620603,2425|2.699596235792277,2426|1.9449187270070756,2427|2.371702860738318,2428|2.0147171202453533,2429|2.1046136222804446,2430|2.2826075284510896,2431|2.6077484078096607,2432|2.5232212873247306,2433|2.5753576262841444,2434|2.747319855139308,2435|2.2420202922293253,2436|3.0832466121958593,2437|2.564690520300563,2438|3.116395228781659,2439|2.6449255849788234,2440|2.2324193113465434,2441|2.1536201607580105,2442|2.6935769263457967,2443|2.5456462016790065,2444|2.519804560147402,2445|2.39496278914246,2446|2.307280312310097,2447|2.496435449656151,2448|2.074092150269296,2449|1.6803244016396892,2450|1.8265201868209675,2451|1.871889774591037,2452|2.307841296454622,2453|2.6455568988428046,2454|2.246277195402682,2455|2.179915483354094,2456|1.8466497938700384,2457|2.9045983850954027,2458|2.195436932423614,2459|2.2097548766281663,2460|1.9306365260583003,2461|1.7628516829931098,2462|1.6473847822179097,2463|2.780302386871588,2464|2.0093891333765628,2465|1.7867463521976221,2466|2.6918860792013333,2467|3.4150218281913007,2468|2.554436465690214,2469|2.546085796730024,2470|2.9060235511004016,2471|2.463462176930792,2472|2.540108283553909,2473|2.1816156195167107,2474|2.7420326956503054,2475|2.832838207501547,2476|3.0061386335789075,2477|3.122180809263787,2478|2.613411071872049,2479|2.179339299967886,2480|3.010099239679947,2481|2.5087614172727166,2482|2.6707160011336883,2483|2.4446821847945612,2484|3.2146927011610336,2485|2.4929774531364712,2486|1.7876440852272004,2487|2.3895290063571117,2488|2.5680636501250618,2489|3.010099239679947,2490|3.2126637332193644,2491|2.357914115122589,2492|2.308419211067611,2493|3.0111736142708123,2494|3.238891239857854,2495|2.5440746437510695,2496|2.644551993146084,2497|2.220322363392627,2498|2.0824450616878196,2499|2.607765362899232,2500|2.2695744740548456,2501|3.1853386158809984,2502|2.9449005881794585,2503|3.116145878569678,2504|2.135400941956459,2505|2.5485093883617385,2506|2.391100984275605,2507|2.3603703358355697,2508|3.010099239679947,2509|2.2679405015059757,2510|2.659387369454078,2511|2.562622173412753,2512|2.276422698931082,2513|2.1112560119088806,2514|1.6202895407690932,2515|1.5363241189264032,2516|1.5609103243410924,2517|2.410240525252255,2518|2.8987023571793102,2519|2.3207104439009627,2520|2.7720501993733837,2521|2.3389511178874876,2522|2.1634906498739825,2523|2.431237274301162,2524|2.8775385121307258,2525|1.8954504748341798,2526|2.3491987840771023,2527|2.9510824920267895,2528|2.998819454326247,2529|3.3170022894486713,2530|2.8567610377831936,2531|2.750557035146577,2532|2.671570625405634,2533|2.9380856709724097,2534|2.1719443374467513,2535|2.3900278481215707,2536|1.7158806571537464,2537|1.9829087753306234,2538|3.0525183391896125,2539|2.7346892012621247,2540|2.5018264475938174,2541|2.5365913673463436,2542|3.281997029220241,2543|2.541975334463476,2544|1.993531794758698,2545|2.3518923846983006,2546|2.3472817140832616,2547|3.010099239679947,2548|1.7283429325843498,2549|2.263178286417171,2550|2.394724671262051,2551|2.157866703080521,2552|2.116108008870979,2553|2.4440021460929255,2554|2.48360134413581,2555|1.5308972494505597,2556|3.119629415274017,2557|1.9976925726957728,2558|2.279331208053666,2559|2.0353876461249354,2560|1.962112972048851,2561|2.68141795192307,2562|3.108670155634682,2563|2.968804654560223,2564|3.010099239679947,2565|3.2509610147199384,2566|1.965835012159633,2567|2.7419704221416863,2568|1.8679202473415337,2569|2.2555509288687094,2570|2.332106868642814,2571|3.843464926597523,2572|2.694729609167811,2573|3.010099239679947,2574|2.3542151588255082,2575|2.6751906452256287,2576|3.010099239679947,2577|2.364074910200771,2578|2.945332385330288,2579|3.0691800040148687,2580|2.7705575424350384,2581|2.537519833474044,2582|2.6391448186026385,2583|2.7922122130505653,2584|3.2146927011610336,2585|2.3023905120438375,2586|2.715168752259272,2587|2.512106563613711,2588|3.010099239679947,2589|2.0321060868419045,2590|2.3684658230094926,2591|3.2145830795842967,2592|3.010099239679947,2593|2.8411430822022314,2594|2.608738104376185,2595|3.0525183391896125,2596|2.7002566582588052,2597|2.132203853003926,2598|2.48131570829662,2599|2.8264805346891686,2600|2.6571149567252967,2601|3.2146927011610336,2602|1.9956998097964966,2603|3.010099239679947,2604|3.0525183391896125,2605|2.6091116744662055,2606|1.8433303226060458,2607|2.738316928889464,2608|2.951453175693173,2609|2.803777618661817,2610|2.9282950718965974,2611|2.8950468032438246,2612|2.8482608808162717,2613|2.421842699064447,2614|1.7322438218135905,2615|2.7235540662863587,2616|2.113967729783911,2617|2.7246688232101492,2618|2.9781649996279898,2619|3.010099239679947,2620|2.5984704831510346,2621|2.3871510218745486,2622|2.805107412518696,2623|3.2146927011610336,2624|2.642310264424453,2625|2.7584477151963194,2626|2.1340653022936453,2627|2.553243961559848,2628|3.2905473081369334,2629|2.007014503305018,2630|2.5471294347203592,2631|3.3287290321578187,2632|1.9917629627427962,2633|2.68250748574238,2634|2.7235980762092367,2635|2.553246606680842,2636|2.2936888311152908,2637|2.2823511041265294,2638|2.288482140634362,2639|2.417433584096573,2640|3.321596915335899,2641|3.0476405835104323,2642|2.4433257401698283,2643|1.9942167083114082,2644|2.749954002041897,2645|3.023002288562693,2646|2.2809006140074914,2647|2.2900032993371955,2648|2.7023578181630397,2649|2.6335821249281963,2650|2.220322047585773,2651|2.3427271046838833,2652|2.200712621013053,2653|2.247364000703082,2654|2.7238803487106003,2655|1.65843002036058,2656|2.1363617015561043,2657|2.5438321715210392,2658|3.127597633900451,2659|2.8022763019813484,2660|2.8092570245725192,2661|2.702818868102308,2662|3.198670984454762,2663|2.8052755287960554,2664|2.6366159974305745,2665|2.725617234633531,2666|2.711185376764485,2667|2.4315397598098176,2668|2.3117470679724375,2669|2.83533924283951,2670|3.2561624797116937,2671|2.8541037470296615,2672|2.5854901101701344,2673|2.8931687509205486,2674|2.335305722156601,2675|2.424097740113367,2676|2.6103773183768864,2677|3.0314507271012014,2678|2.2769045772332217,2679|2.4720690066083506,2680|3.010099239679947,2681|3.010202497522763,2682|2.826301846284499,2683|2.8812888905735474,2684|3.101035770639844,2685|2.1993779351314675,2686|3.1864272613846083,2687|2.835938977431426,2688|2.706352307869089,2689|2.545065135917307,2690|2.9701185644764294,2691|2.363248401366328,2692|3.2130947549929205,2693|3.1928091688751445,2694|2.6406152725129752,2695|2.2899946504565216,2696|2.818613868637878,2697|2.56527886105831,2698|3.127597633900451,2699|2.506737494115738,2700|2.880165709389115,2701|1.8453633269942937,2702|2.2741569305869667,2703|3.010099239679947,2704|2.0950307783922195,2705|2.246424181532014,2706|2.878543143098056,2707|3.077620136476228,2708|2.7332163521762887,2709|2.669291085301248,2710|2.022407806705089,2711|3.010099239679947,2712|2.2874096307156426,2713|1.9010451757361917,2714|2.5957703432094785,2715|2.0609046659222674,2716|3.1715912283138135,2717|2.4022378791342165,2718|2.647216296022559,2719|1.9340564393013402,2720|1.6511649333366583,2721|2.7347385328566487,2722|2.540884957980268,2723|2.5453125489108803,2724|2.450421898385641,2725|2.7357969483441362,2726|3.1580585942127075,2727|2.6441069548534175,2728|3.457477139364637,2729|2.7321238519866773,2730|2.617488230388134,2731|2.6954152017536415,2732|2.804854990507353,2733|2.0285958272083247,2734|2.601990341904889,2735|2.6413827374919343,2736|2.7598427464504467,2737|2.514311219222456,2738|2.647629904378486,2739|3.0483495893281414,2740|1.8228062517682049,2741|2.694067287488094,2742|3.101035770639844,2743|2.7065474059230095,2744|2.7384752448125615,2745|3.206515492682083,2746|2.575838564804095,2747|2.462315256339763,2748|2.1560138286069326,2749|2.6568065123735893,2750|2.842607215517189,2751|2.571669420344922,2752|2.599252015149431,2753|3.2371333280042123,2754|1.7373510095981408,2755|2.282540480429006,2756|2.6765673084220127,2757|2.528045872887653,2758|2.2164164971016023,2759|2.8216780632706895,2760|2.1934714412391307,2761|2.7939390852875947,2762|3.5221751625203277,2763|3.029964461205914,2764|2.77639249653989,2765|2.691318483292787,2766|2.4374424372056147,2767|2.4044013496628494,2768|2.935465032384873,2769|2.3137932425242735,2770|2.5605484558861575,2771|2.3525817963644107,2772|2.49887825924438,2773|2.2670146677170537,2774|2.7344415462263676,2775|2.0870484520794945,2776|2.834932103528504,2777|2.746624921239923,2778|2.638674946701309,2779|3.0070835850588495,2780|2.3342807686238216,2781|2.122479713292284,2782|2.399223692062084,2783|2.0091147083738234,2784|2.595890283379359,2785|2.344267628694392,2786|1.9735520142108234,2787|2.3288553350306946,2788|3.3978200318869023,2789|2.281275873447791,2790|2.3127578245769636,2791|3.3044942986296784,2792|2.59242065140518,2793|2.025199651740677,2794|2.6242274733088795,2795|3.3563152147431605,2796|2.5141757967872542,2797|3.2471746994121653,2798|1.928850996129927,2799|1.7074793255689849,2800|2.500551088053471,2801|2.3494619159165797,2802|2.7495291024050434,2803|2.985558049783691,2804|3.104142950536305,2805|2.3817943428515593,2806|2.283439566883388,2807|2.134052955943676,2808|2.549532738562283,2809|2.4525752644527437,2810|2.9910929316331063,2811|3.2146927011610336,2812|2.7119822412235743,2813|2.9331750507056342,2814|2.3582401423075607,2815|2.500359144020633,2816|1.8923370086993168,2817|1.7536596596089418,2818|1.8572273225862581,2819|3.509118373276899,2820|2.795360347790658,2821|3.010055128170187,2822|2.4835716114879984,2823|3.245056928549037,2824|2.6934914266994108,2825|2.506412404080156,2826|2.9434744057474562,2827|2.315850785791507,2828|1.8505880674181725,2829|2.300616513938156,2830|2.521320306423436,2831|2.3539642451197116,2832|3.010099239679947,2833|2.507007643497254,2834|2.5814785488462286,2835|2.4192058433782133,2836|2.6592387219378057,2837|2.53244964348797,2838|3.2146927011610336,2839|2.954674345842853,2840|2.619217328577773,2841|2.853804287000133,2842|2.3749276968538284,2843|2.631929028120165,2844|2.561890554317336,2845|3.010099239679947,2846|2.681980612416843,2847|2.842370048250787,2848|2.654080404151512,2849|2.13022822490304,2850|2.3275398724491336,2851|2.390389328383632,2852|3.2813429945617187,2853|2.056231620817122,2854|2.0082628509811493,2855|1.8550470442870193,2856|2.520839560206342,2857|2.7895336478208232,2858|2.9910165469148637,2859|3.367626673464182,2860|2.608431925098079,2861|2.6992106524690604,2862|2.211862729478058,2863|3.1337962647475246,2864|2.5402967413203017,2865|2.317772000595361,2866|2.8999905072564207,2867|2.4929112452615616,2868|1.779917796719068,2869|2.4636370975658135,2870|3.0416626805240616,2871|2.994711436672227,2872|3.4256057979571493,2873|1.8976165991161333,2874|2.7041655587173414,2875|2.563120823781982,2876|2.1861315012930205,2877|2.5362657293492004,2878|1.93084944215465,2879|3.043380313744644,2880|3.0444289702262806,2881|2.890621914300545,2882|2.6638825001502875,2883|2.7245724429063816,2884|3.2145830795842967,2885|2.415179334914006,2886|2.357430503176601,2887|1.8291407906948436,2888|2.3295499223959304,2889|2.9199662611491326,2890|2.8758901447095293,2891|2.761572667257786,2892|1.6924450218127762,2893|2.461033252696449,2894|1.934453933039579,2895|3.122180809263787,2896|2.6559798804695944,2897|2.3963129342691483,2898|2.1617471613763435,2899|2.6601554274338657,2900|1.9229432937176367,2901|2.2984629758443074,2902|2.126781608311226,2903|1.8848089160915618,2904|2.831081276410472,2905|3.4884384384816762,2906|1.9084219543218708,2907|1.9654122475728164,2908|2.6073689954187778,2909|3.0525183391896125,2910|2.28733504112931,2911|2.663132438166115,2912|2.7961826061782062,2913|2.52732552565394,2914|2.029732782827323,2915|2.963122313389804,2916|3.288730045155891,2917|3.027954925060817,2918|3.3334612560468218,2919|2.584043221581683,2920|2.7522328114815036,2921|2.668525589344575,2922|2.7171247324965764,2923|2.6465646065285604,2924|3.2487656598514225,2925|2.808839992877039,2926|2.424605471237197,2927|2.666949186197338,2928|2.718594011069553,2929|2.7336739044014235,2930|3.0842389995947475,2931|2.206916822139977,2932|2.5114620507623924,2933|2.377518304753142,2934|3.22937574583164,2935|2.8033591006923135,2936|2.952977001774227,2937|3.0195641245344342,2938|2.605089464140926,2939|2.98160125114726,2940|3.1138003955176554,2941|2.6680208421190392,2942|2.4463682121902295,2943|2.876345028904293,2944|3.5537019457454635,2945|2.315844304759343,2946|3.077724006089306,2947|3.555243554697495,2948|3.5780722028594125,2949|3.5664036782994994,2950|1.8910260250403683,2951|2.945239689888152,2952|2.6643635694795513,2953|2.1063423268652572,2954|3.010099239679947,2955|3.010099239679947,2956|2.808548887001546,2957|3.010099239679947,2958|3.010099239679947,2959|3.007465458805825,2960|2.063444383873074,2961|2.368580979284997,2962|2.551255223673097,2963|2.468044509466858,2964|2.202524342612869,2965|2.137539516135828,2966|2.9995811343224226,2967|2.755417680131572,2968|3.1368075161847218,2969|2.4062894702776565,2970|2.636854970442079,2971|2.9811797476897937,2972|2.5978577610234064,2973|2.8816060484008945,2974|1.5437698640599269,2975|2.435452988749864,2976|2.0280078863714053,2977|2.396084996231541,2978|2.3691451882745405,2979|1.9972510953453864,2980|3.010099239679947,2981|3.0030846541763503,2982|1.7855951460857884,2983|3.3540792329081537,2984|2.8948242548469683,2985|2.8660963832842192,2986|2.319543425514717,2987|2.948117503309313,2988|2.795017266582337,2989|3.120485585851091,2990|2.9367489016805024,2991|3.285546219614235,2992|2.1149225605002724,2993|3.347818057213706,2994|2.5443706338895975,2995|1.7470522943824298,2996|2.737748518522662,2997|2.742159311275086,2998|2.2379030831641735,2999|2.7265308733227895,3000|3.2013450231527267,3001|2.541798761738108,3002|2.8330765702365084,3003|2.5468847612935246,3004|2.664994081783301,3005|3.060519229018126,3006|2.793305320076014,3007|2.782029876617046,3008|2.702909328596074,3009|3.010099239679947,3010|2.581890227718489,3011|2.4416742807893432,3012|2.6111462885121046,3013|2.313775676582658,3014|2.8296511501064705,3015|3.068160771678111,3016|2.522144648676532,3017|2.371823341350752,3018|2.3545922507103283,3019|2.3521357495911075,3020|2.920983714466577,3021|2.3290074811643606,3022|3.0018148931311863,3023|3.2145830795842967,3024|2.406416574972016,3025|2.3343728364115433,3026|2.269828680919103,3027|2.435125038274177,3028|2.9415144805446287,3029|3.1380562239599064,3030|2.4732742857543295,3031|2.5115749437967008,3032|2.9673543368547923,3033|3.164153630291147,3034|2.82013821502246,3035|2.8722955594533066,3036|2.901245017818222,3037|2.6601127809037965,3038|2.53289876046924,3039|3.0541714792443027,3040|2.8279933407487885,3041|2.6848837911310186,3042|2.712614667633604,3043|2.6806189061859342,3044|3.0951775291416843,3045|2.715443920665056,3046|2.616101449102348,3047|2.597248388655916,3048|2.8227006216634947,3049|2.6009152952614873,3050|2.665027929820671,3051|2.670870911147161,3052|3.1643099934904333,3053|2.9835308548956974,3054|2.0728431288720595,3055|2.731286213396764,3056|2.9676559692784963,3057|2.4886692498309264,3058|2.3067988036925278,3059|3.010099239679947,3060|2.8529246518857363,3061|3.0372412810049427,3062|3.5693921428530855,3063|2.931730884146007,3064|2.8144061175688515,3065|3.010099239679947,3066|3.4426613661540206,3067|2.8246432322120283,3068|2.7633959380525823,3069|2.8128254182411685,3070|2.832464626039123,3071|3.047859759249491,3072|2.9321421282480253,3073|2.616222340933135,3074|2.8190742643843505,3075|2.8902051238412048,3076|2.8300712941585644,3077|3.4881426399841806,3078|2.809194153149777,3079|2.993017193570588,3080|3.001724106977418,3081|2.6572682543296535,3082|2.912036991953048,3083|2.4642897000879733,3084|3.0525183391896125,3085|3.023002288562693,3086|2.905850811638303,3087|2.858637194450065,3088|3.191496013771483,3089|2.7057389956368154,3090|3.024010170497246,3091|2.8870041908297646,3092|3.0643956186715746,3093|2.1003955689288305,3094|2.5075649505073656,3095|2.8570681392409445,3096|2.9718320936055838,3097|2.938516699743058,3098|3.31400817899548,3099|2.288994660031522,3100|2.939025739545456,3101|3.1914884093274005,3102|3.2356970961681952,3103|2.2926912930213867,3104|3.048235040733531,3105|2.784241994846505,3106|2.551230295076783,3107|3.163457963635075,3108|2.6719398535504446,3109|2.492057173893172,3110|2.452546801683843,3111|2.7805400660357833,3112|2.675035418037056,3113|2.26509122065191,3114|3.3183904233097428,3115|2.3787301385882635,3116|3.010099239679947,3117|2.5150663305365404,3118|2.5720262056708547,3119|2.3216708641347967,3120|2.605081900457839,3121|2.638138198281511,3122|2.4412199895955173,3123|3.2146927011610336,3124|2.449401832857938,3125|2.7592089448210437,3126|2.9918657955081347,3127|2.441764184713906,3128|3.010099239679947,3129|2.6470932831087763,3130|2.0975302003271086,3131|3.2146927011610336,3132|3.0437551286490954,3133|2.7855260632318193,3134|2.7686938846112303,3135|2.9431579482729022,3136|3.0525183391896125,3137|3.3878036936917155,3138|2.640285470349858,3139|2.3682185657210315,3140|2.3918442800168824,3141|2.564708441793257,3142|3.0151367844747865,3143|2.735863208437004,3144|2.5194537825229046,3145|2.6067392364602764,3146|2.2249059590447473,3147|3.4799008487375866,3148|2.7467877811400294,3149|1.6393021166883763,3150|2.3575159569372763,3151|2.8316209609012466,3152|2.5118763175233196,3153|3.141521545078099,3154|2.860535264282877,3155|2.656387963779209,3156|2.1254382460804484,3157|2.502963480663201,3158|2.7637358270711045,3159|2.7314615303202365,3160|2.613059932126863,3161|2.4398467369682892,3162|2.033314504128688,3163|2.578225055784429,3164|3.010099239679947,3165|2.532454869285633,3166|1.7054322455790485,3167|2.615550972118287,3168|2.5956873608843685,3169|2.9109691978220797,3170|2.9804371157629346,3171|2.6336158511266543,3172|3.008419841266406,3173|2.5283159768378463,3174|2.6072018432943724,3175|3.2422812719944893,3176|2.5965235798111,3177|2.173606402968949,3178|2.9912321819621353,3179|2.5848069929383803,3180|2.133036754951467,3181|2.7583674556778845,3182|2.9816795215932723,3183|2.847773962163973,3184|3.114976554758801,3185|2.6150717195623976,3186|2.4278545455953546,3187|3.010099239679947,3188|3.0525183391896125,3189|2.980595715641746,3190|1.9877208500274375,3191|3.010099239679947,3192|2.6904487295818473,3193|3.0525183391896125,3194|2.7685557986567764,3195|3.010099239679947,3196|3.0980790596431342,3197|3.1127008488921186,3198|3.214945681249346,3199|2.4707111275718017,3200|2.6976310268923447,3201|2.6036029270327123,3202|2.5371254972814627,3203|3.103933745400469,3204|3.296184260806263,3205|2.34346717447638,3206|2.629710271790681,3207|2.722975658458238,3208|2.442992493194051,3209|3.010099239679947,3210|2.9132386449593257,3211|2.78227484044175,3212|3.010099239679947,3213|2.86429100450483,3214|2.5730303947587396,3215|2.3930205656162507,3216|2.3413692839817566,3217|2.6684231231737785,3218|2.3962091471514517,3219|2.814404197822711,3220|3.010099239679947,3221|2.5811071381132003,3222|2.8691597074360056,3223|2.262949300741586,3224|2.518615948090245,3225|2.121299948171345,3226|3.0525183391896125,3227|3.1781240333031064,3228|3.2146927011610336,3229|2.9440388274834945,3230|3.3156799629615614,3231|3.2146927011610336,3232|2.748915759637307,3233|3.2146927011610336,3234|3.2146927011610336,3235|2.4058893274446174,3236|2.9804371157629346,3237|3.0525183391896125,3238|2.0169932394723964,3239|2.1949421490870136,3240|2.706862644101628,3241|2.697089733309886,3242|2.635086842625782,3243|2.2930356720176177,3244|2.936994681966844,3245|2.5579094959536706,3246|3.061886207275561,3247|2.569797143861053,3248|2.3387057367552657,3249|2.884544520730291,3250|2.703057595765956,3251|2.568153693280678,3252|2.8642350183666196,3253|3.012163703539974,3254|2.6049943055701754,3255|3.171716755600495,3256|3.2891681468644602,3257|2.397259026128604,3258|2.3018461074744105,3259|2.6272177954690576,3260|2.671460290774708,3261|2.5403881145380067,3262|2.441410148168994,3263|2.7389854951248385,3264|2.6965875825081915,3265|3.3144678007565522,3266|2.5078930614626804,3267|3.137030632265005,3268|1.7931276756055228,3269|2.675124571668264,3270|2.6612516883765656,3271|2.7961737491529854,3272|2.27066107668158,3273|2.330191090486423,3274|2.6905398015335438,3275|3.2865723587268736,3276|2.289779597033539,3277|3.010099239679947,3278|3.0525183391896125,3279|3.310978818993089,3280|3.023002288562693,3281|2.8442434540451886,3282|3.00242451910131,3283|2.5071702443261055,3284|2.526252148202724,3285|2.152328288732564,3286|2.08344273525303,3287|2.2153260481732975,3288|3.010099239679947,3289|2.537965363744242,3290|3.2146927011610336,3291|3.194521674877235,3292|2.8044788516422106,3293|3.001724106977418,3294|3.023002288562693,3295|2.626810609840409,3296|2.9897324007601895,3297|3.0525183391896125,3298|2.7908000860274313,3299|2.1300992036415183,3300|2.742923453349043,3301|2.650057876322749,3302|2.612369626603738,3303|2.0940159624649146,3304|2.453222793713143,3305|3.1590661365467883,3306|3.0294363684282777,3307|2.8966144369697107,3308|2.4103671913702103,3309|2.348849693074085,3310|2.945844638223687,3311|2.31138976250343,3312|3.010099239679947,3313|1.8622051892943707,3314|3.245056928549037,3315|3.22937574583164,3316|2.614436713610697,3317|2.8462198608651796,3318|3.2088611455369556,3319|2.2048625539381046,3320|2.564742682012199,3321|3.2146927011610336,3322|2.6178443291810933,3323|2.421383195295719,3324|2.223285583787763,3325|2.1282246783113794,3326|2.3247088523449517,3327|2.9542657636069576,3328|2.5168930338620736,3329|2.5312754773006008,3330|2.6593296023060016,3331|2.038191408107105,3332|2.975427924185142,3333|2.3951114745512783,3334|3.3478375526735062,3335|1.8739226466088321,3336|3.010099239679947,3337|3.101035770639844,3338|3.5165332433712786,3339|3.083307646775325,3340|2.30350791550153,3341|2.948761565692833,3342|2.5169164003637423,3343|1.947993767875738,3344|1.8156939539186792,3345|2.566906716518748,3346|3.023002288562693,3347|3.099739662128379,3348|3.1042904246204728,3349|2.721924949061812,3350|2.9262036411815644,3351|2.1329059743684207,3352|3.010099239679947,3353|3.2145830795842967,3354|2.308530093971533,3355|2.437716603676775,3356|3.0525183391896125,3357|2.519208850683912,3358|2.791682587014704,3359|2.8855565078560135,3360|3.2252438141269764,3361|3.0323886497824724,3362|3.0012560888428452,3363|3.16254577184468,3364|2.8637368258834535,3365|2.8664814686237,3366|3.195804657099929,3367|2.9622493923826685,3368|2.3354360871873574,3369|3.065721891994759,3370|2.975933769985328,3371|2.895048666680564,3372|2.912868192149289,3373|2.9804371157629346,3374|2.314389674762089,3375|2.9663606043352653,3376|3.141432949928947,3377|2.860535264282877,3378|3.1072745781410083,3379|2.844992429750725,3380|3.224643100435523,3381|3.101035770639844,3382|3.010099239679947,3383|3.1356311124562,3384|3.4029271320434704,3385|2.3767746572434243,3386|3.0805286741760765,3387|2.285087084506765,3388|2.4445204090933066,3389|2.3715413696233596,3390|1.8563720435753521,3391|2.1346149594793373,3392|1.9968379096409,3393|1.9662784123113726,3394|2.3035610308119843,3395|2.5392585177951883,3396|3.041839198665868,3397|2.9512194347871277,3398|2.6642095252629483,3399|2.528930366403121,3400|1.7526127403932477,3401|2.0228869863665575,3402|2.681965284755635,3403|2.2580855919718763,3404|2.9621375503221135,3405|3.216746337729365,3406|3.261560186131896,3407|3.101035770639844,3408|2.9909925219926654,3409|2.5877254434879084,3410|2.436625689817663,3411|3.010099239679947,3412|2.594522568815816,3413|2.9440388274834945,3414|2.791708305630919,3415|2.0945530502075678,3416|3.010099239679947,3417|3.2600933896966247,3418|2.955922754449201,3419|2.2287570078387295,3420|3.0070707263111203,3421|3.2811818367179075,3422|2.2480686690245033,3423|2.333599842792936,3424|2.6410207059965582,3425|2.6172703698995297,3426|2.302685028420881,3427|2.6283593022015923,3428|2.4352802372227407,3429|3.1096916724688173,3430|2.968337319948655,3431|2.3414030079715493,3432|2.1495345148198917,3433|2.20712204600826,3434|2.1272181567084774,3435|3.177223183935104,3436|2.1186317076648167,3437|1.906468343331826,3438|2.658554931583681,3439|1.8998375640165694,3440|2.0938968542935195,3441|3.048611674920362,3442|2.1539244442325316,3443|2.824295654174108,3444|3.008220595050111,3445|2.7837400093855207,3446|2.770718171852094,3447|2.671799166624902,3448|3.058675348676671,3449|2.5007100127285673,3450|2.969418500930848,3451|2.9855428965564155,3452|2.5796613976287235,3453|1.9640963055453793,3454|2.3297046714082965,3455|3.116395228781659,3456|2.8578206484992115,3457|2.4165383482778653,3458|3.0485149576886306,3459|1.866406485715654,3460|3.2146927011610336,3461|2.612508585047002,3462|3.0115932807610557,3463|1.8549378561670027,3464|2.037549750914034,3465|2.0908249082511685,3466|3.072822195183833,3467|2.4616449378959295,3468|2.9074213287595514,3469|3.477074607812554,3470|2.833915192073416,3471|3.2333932364084155,3472|2.31037361791948,3473|2.9454155885112954,3474|3.182916160007892,3475|2.8510855610448305,3476|2.6259062494036804,3477|2.4156472571043333,3478|2.6436662561809063,3479|3.0834607296478795,3480|2.846461537076265,3481|2.8936597129225965,3482|3.010099239679947,3483|2.33691361480338,3484|2.476107962722658,3485|3.023002288562693,3486|2.712997237112341,3487|2.640402491521252,3488|1.6639167628832692,3489|2.662315623306213,3490|2.4705217045198165,3491|2.6213241606456847,3492|3.2672866375203693,3493|3.023002288562693,3494|2.752761630700612,3495|2.595677022063434,3496|2.3803563405216908,3497|2.5712152165223947,3498|3.0372182892833415,3499|2.634443872114179,3500|2.266996516518577,3501|2.7381197716966987,3502|2.7523212047827106,3503|2.299371464621926,3504|2.8496585045948786,3505|3.3771755687963996,3506|2.6250898556483966,3507|3.238582361816765,3508|3.25745213695462,3509|2.175965195675815,3510|3.212493680107248,3511|2.249297813316079,3512|2.8473174579422635,3513|2.940564721448385,3514|2.502086605699172,3515|2.5355366562550907,3516|3.025582546775673,3517|2.9440388274834945,3518|2.350657375556424,3519|3.051904544828294,3520|2.2944243127319552,3521|2.776215749570092,3522|3.010099239679947,3523|2.4791619745258915,3524|2.6995950160158086,3525|2.6415447942055517,3526|2.9185456798636857,3527|3.3146159391172443,3528|2.2940519128406445,3529|2.542739748569323,3530|3.2146927011610336,3531|2.1628553909970885,3532|3.2146927011610336,3533|2.0542816222324873,3534|2.528097106059178,3535|2.26930199155432,3536|3.013826633862773,3537|2.4945124450731084,3538|2.6531924603793984,3539|2.979393589530855,3540|2.3169903851019678,3541|3.3054502542750654,3542|3.010099239679947,3543|2.746865931440384,3544|2.4715310485472166,3545|2.722522796225877,3546|2.626808052221442,3547|2.506754410675401,3548|2.8721590089762854,3549|3.143326051093698,3550|2.3418216788876656,3551|3.3955297385708887,3552|3.0969088156935864,3553|2.4163325381760474,3554|2.4410019296926926,3555|3.1389197854618485,3556|2.621309760698865,3557|2.6808923778484925,3558|3.010099239679947,3559|2.675320057271918,3560|3.010099239679947,3561|3.010099239679947,3562|2.1768932398719008,3563|2.0425297479273223,3564|1.4927324512375946,3565|2.6109401988633856,3566|2.6364241167705478,3567|2.8425023666995464,3568|2.3788841801177636,3569|2.215943280633551,3570|3.010099239679947,3571|2.2163021009536994,3572|1.6313860316715934,3573|1.5666967556483882,3574|1.452789938785021,3575|3.010099239679947,3576|2.993940801670539,3577|2.0349353650585327,3578|3.6331794011668164,3579|3.010099239679947,3580|2.52792848371595,3581|2.080646631095158,3582|3.010099239679947,3583|3.010099239679947,3584|2.068701434246364,3585|2.5669588977288376,3586|2.660569896886943,3587|2.240416800932373,3588|2.2468455757415042,3589|3.023002288562693,3590|2.3891632985963396,3591|2.8303358723816063,3592|2.608844956289261,3593|1.8461826217216424,3594|2.487509798236145,3595|2.7137449876596023,3596|2.1344793108206246,3597|2.077184557643277,3598|2.591097559264526,3599|2.9286749562278303,3600|2.442893473992373,3601|3.082915634305218,3602|2.6510786283882726,3603|3.2146927011610336,3604|3.0868008661652766,3605|2.5960413296499416,3606|3.2114606275118094,3607|2.926071239401507,3608|3.0824496424642973,3609|3.077058252970722,3610|2.4818986729889048,3611|2.714549015354803,3612|3.1975643725017413,3613|3.0746732986219287,3614|2.6204717889995557,3615|2.360668345526639,3616|2.040705597257339,3617|2.590511808720231,3618|2.571407971506284,3619|2.8158747796113306,3620|2.1358097254923774,3621|2.0507428800666543,3622|2.961781954439422,3623|2.8749187913504866,3624|3.0565676869702623,3625|2.9219443978964543,3626|1.8574880585909352,3627|2.3510762359545483,3628|2.6557949680207042,3629|3.1562856950464444,3630|3.023002288562693,3631|3.2146927011610336,3632|2.8310442340934117,3633|3.1155629006697807,3634|3.670873963132033,3635|3.2289794215911103,3636|2.6526952849555867,3637|2.678267706672596,3638|2.9295189253482468,3639|3.2770958135258077,3640|2.151199878729715,3641|1.9667805214161378,3642|2.9804371157629346,3643|2.973931110355931,3644|2.3771373262032864,3645|2.334823109007143,3646|1.9450521120159157,3647|3.010099239679947,3648|2.01699248715286,3649|2.433854533549672,3650|3.023002288562693,3651|3.023002288562693,3652|2.216672975540379,3653|3.053249883955234,3654|3.4911101643281666,3655|2.4690503507366106,3656|3.065721891994759,3657|3.010099239679947,3658|2.8644034344028846,3659|2.770629080092342,3660|2.243289244140601,3661|1.9389783394304125,3662|1.9744934112994137,3663|1.7952344603779609,3664|1.7883439993924686,3665|1.9641537656611883,3666|1.6953989161784606,3667|2.1767888275432443,3668|2.907628095011521,3669|2.1142969165717362,3670|2.543041489182393,3671|2.9748190264228205,3672|2.2916079766958326,3673|1.9239653734580204,3674|1.843708241154307,3675|3.310429792786744,3676|2.197480541698483,3677|3.050016153516011,3678|2.5760474177980663,3679|3.174404403991155,3680|3.0032670563756714,3681|2.890423252861626,3682|3.197436988838861,3683|3.0598410890707908,3684|2.310983685494311,3685|2.567997292047588,3686|2.8334857639340614,3687|2.725977827184398,3688|2.3634375132498153,3689|1.9467232683293543,3690|2.1139166939597196,3691|2.136861945732713,3692|1.9391799633571338,3693|1.9100489945422952,3694|1.65315704921733,3695|1.8258573690454554,3696|1.8188328792368524,3697|2.735539153720194,3698|2.9302993567014304,3699|2.695582237123924,3700|2.623339307683306,3701|2.6091867189325244,3702|3.1479335450606385,3703|3.1615930731018675,3704|3.0388945135724064,3705|2.328246188933355,3706|2.742647767178635,3707|2.3506591261468186,3708|2.416454731027706,3709|1.9398786673760013,3710|2.2471620924024056,3711|2.6492060931302,3712|2.642142872024377,3713|2.9251235149993464,3714|2.5282324566606533,3715|2.0585421926198224,3716|1.8350076085516007,3717|2.2249679013813863,3718|2.7320794278556404,3719|3.2145830795842967,3720|2.818820951593403,3721|1.9946258299067865,3722|2.5756309975378606,3723|3.0133146259044237,3724|2.4112697930160776,3725|2.474929575115394,3726|2.770098386297576,3727|2.6172050198156183,3728|3.257668031716622,3729|2.723011502745297,3730|2.881279209770452,3731|2.633750160779581,3732|2.276323251310823,3733|3.088521298161643,3734|2.5609926424679212,3735|2.8568632095211486,3736|2.6310000336075428,3737|2.5585057283132793,3738|2.815166643743865,3739|2.7543389927731483,3740|3.064348205335251,3741|2.5772165692428897,3742|2.546949726895811,3743|2.148557146129324,3744|2.4646339449337424,3745|2.838317865088478,3746|2.3444067386513456,3747|2.6771687683045555,3748|3.2145830795842967,3749|2.3430273464887685,3750|3.010099239679947,3751|2.7869986523298658,3752|2.424996279699023,3753|3.0115035620280435,3754|1.9401397163898697,3755|2.9439013603710267,3756|2.5066745708894222,3757|2.33964918223586,3758|2.2281129872968206,3759|2.6542585983924023,3760|2.835304483727797,3761|2.099325553183024,3762|3.023002288562693,3763|3.104338677693632,3764|2.2762367235026524,3765|2.359049580311182,3766|2.3836069160858036,3767|2.084187270206181,3768|2.033856700401239,3769|2.8611282020681887,3770|2.7895812554790798,3771|2.9939147535150923,3772|3.023002288562693,3773|2.414783667785473,3774|1.9421469998510632,3775|2.7544175293528363,3776|2.825092061380267,3777|1.2314099130355978,3778|3.101035770639844,3779|3.127597633900451,3780|2.784710397106191,3781|2.246505188447271,3782|2.1059619044875117,3783|2.776150750456532,3784|2.64579457566421,3785|1.8429956714161144,3786|2.6336102596015767,3787|2.6783944647636515,3788|2.881119597155351,3789|2.453286243665266,3790|2.5577861948064986,3791|2.8041865063284366,3792|2.285658347907326,3793|3.279219894880109,3794|2.350219613845312,3795|2.481826103333219,3796|2.753378485201866,3797|2.857915278025316,3798|2.8791009027839367,3799|2.484512503784937,3800|3.0485149576886306,3801|3.0832207135783247,3802|2.2340203758809802,3803|3.010099239679947,3804|2.1249529913412744,3805|2.2968261964078343,3806|2.297848440914604,3807|2.890425548701951,3808|2.7484870015318403,3809|2.7125836357002977,3810|2.518680890971574,3811|2.9759928525005543,3812|2.918056672636994,3813|2.40872514858597,3814|3.2377584636201613,3816|2.618236321253402,3817|2.31184309557666,3818|3.3183598245106474,3819|2.896767922774299,3820|1.708732856396217,3821|2.1317548176586554,3822|2.5187725981700355,3823|2.5563871916561816,3824|1.6438877741515752,3825|2.2493243105922147,3826|2.006655026035339,3827|2.9429913445667752,3828|3.2146927011610336,3829|3.2145830795842967,3830|2.288858385706119,3831|2.9026407400327887,3832|2.2246656847232087,3833|2.004497663281899,3834|1.7506658134279975,3835|2.538515287232353,3836|3.3423425324064153,3837|2.214260349907517,3838|2.2061092502596615,3839|2.272652299529395,3840|1.9218030477820998,3841|2.7165833438795963,3842|3.023002288562693,3843|2.0403323090892735,3844|2.719734857200077,3845|2.43106793934178,3846|2.6546508443460954,3847|2.1597558207408025,3848|2.6684335802353223,3849|3.26366481805019,3850|3.1042904246204728,3851|3.0264039152601394,3852|2.976108847814243,3853|2.8683049699182237,3854|2.6325992890877807,3855|2.1428398613354034,3856|3.010099239679947,3857|2.53055270108823,3858|2.335231772606469,3859|3.0279836418303345,3860|2.353269092093198,3861|2.5474206581796475,3862|2.5431309072155623,3863|2.492067380219123,3864|2.622396100548839,3865|2.6601568491145064,3866|3.2146927011610336,3867|2.3832675792614415,3868|2.98764937123683,3869|2.625680989417255,3870|2.8002126334966135,3871|2.4224967043244745,3872|2.526936792757456,3873|2.549876895427288,3874|2.5838131366834154,3875|2.57058540292829,3876|2.165084591722869,3877|2.0241960189155304,3878|2.468303839175369,3879|2.4818889763530665,3880|3.2367627660758176,3881|2.8039686987504973,3882|2.681298788879448,3883|2.3929309223654007,3884|2.064466978444173,3885|2.490652247700358,3886|2.503778974717263,3887|3.010099239679947,3888|2.514644507638163,3889|2.491515684419298,3890|3.0525183391896125,3891|2.9440388274834945,3892|2.100243930594209,3893|2.876323493335229,3894|2.4559481443228037,3895|1.9436475962219408,3896|2.701128127650434,3897|2.966806026454168,3898|2.412360533530001,3899|2.5780112997491775,3900|2.1381550007289336,3901|2.0664463091103498,3902|2.263813032669523,3903|2.4322406034983697,3904|3.010099239679947,3905|3.1464016459856508,3906|2.289601603133198,3907|3.010099239679947,3908|1.7449076923646438,3909|2.387475087666438,3910|2.5812536831012824,3911|2.943875888157365,3912|2.2140035459079193,3913|2.6926121967044683,3914|2.401533261775623,3915|2.829831965554792,3916|3.2016143910800205,3917|2.2180800834046455,3918|2.0710074851383875,3919|2.0207471415075897,3920|2.775110446212861,3921|2.325748058608227,3922|2.0664038398810076,3923|1.9835515554686372,3924|2.2617834124907903,3925|2.598711476398405,3926|2.9853752351664835,3927|3.113447224858449,3928|2.3554048289286422,3929|2.9607054814425315,3930|2.526184151050286,3931|2.5759660837629745,3932|2.4766614137676157,3933|2.386991846677572,3934|2.8192277944804767,3935|3.023002288562693,3936|2.8716734068953826,3937|2.8666491874283615,3938|2.220165230557615,3939|2.236376076856541,3940|2.370011149439077,3941|2.214369105482128,3942|2.2670092742688364,3943|2.3201907166646842,3944|2.5466801852288947,3945|2.306288649003629,3946|1.730875092013951,3947|3.196222698747058,3948|2.851867015186165,3949|2.5615370982803727,3950|2.8688814853048843,3951|2.5120286285579096,3952|3.0979107295966237